8
4
-0.427955877731 -0.832308655859
-0.43405619648 -0.871840745497
-0.180062520554 -0.911035293459
-0.173962201805 -0.871503203821
4
0.839102599833 -1.11396062331
0.874268675781 -1.13302228909
0.987685587194 -0.923784137205
0.952519511246 -0.904722471421
4
-0.307676382326 -1.81539098251
-0.267869551432 -1.81146463381
-0.28602891419 -1.62735804092
-0.325835745084 -1.63128438963
4
-1.08322237496 -1.79976795437
-1.04687627465 -1.78306582899
-1.14583636756 -1.56771518466
-1.18218246787 -1.58441731005
4
0.737823330128 -1.5857358538
0.723998793741 -1.5482007743
0.496911562717 -1.63183921944
0.510736099104 -1.66937429895
4
-0.917853724141 0.187883918502
-0.939772380127 0.221343932246
-1.06273793064 0.140792871497
-1.04081927465 0.107332857753
4
-1.45096683916 -0.777626737648
-1.487778194 -0.793276790515
-1.42909049574 -0.93131937117
-1.3922791409 -0.915669318303
4
0.79572561179 -0.092705454761
0.764513610225 -0.117721668669
0.888969274418 -0.273001376456
0.920181275983 -0.247985162548
