20
4
1.42480923355 1.11737616397
1.71598452856 1.24405692026
1.7439107069 1.17986869266
1.45273541189 1.05318793636
4
1.50128212877 1.43242525788
1.1920941418 1.80346213021
1.24587030187 1.84827423358
1.55505828884 1.47723736125
4
0.760214192023 1.36174318286
0.827445588767 1.65920554239
0.895723376455 1.64377363686
0.828491979711 1.34631127732
4
0.597578638216 1.85655613545
0.188936133705 1.89046116948
0.194724139617 1.96022146612
0.603366644128 1.92631643209
4
-2.03326442696 2.54267629285
-1.88075169982 2.85301941963
-1.81792798255 2.82214579742
-1.97044070969 2.51180267065
4
-1.55117132273 2.71445371441
-1.22380495059 2.72324736708
-1.22192530203 2.65327260791
-1.54929167418 2.64447895524
4
-1.48299759925 3.22797835848
-1.946585735 3.33003094149
-1.93153652176 3.39839409809
-1.467948386 3.29634151508
4
-2.05589673857 3.76671702034
-1.74050612523 3.99224608769
-1.69978956401 3.93530610488
-2.01518017734 3.70977703753
4
1.8723082956 1.18850738415
1.62743951553 1.54012316495
1.6848824623 1.5801270131
1.92975124238 1.22851123229
4
1.7815739647 1.73019805164
2.09384021122 2.10324736335
2.14751708016 2.0583163747
1.83525083364 1.68526706299
4
2.11919682955 2.33569219469
1.82786366235 2.40745316688
1.8446055965 2.47542159809
2.1359387637 2.4036606259
4
1.36276623323 2.15221873386
1.25385846845 2.44923950154
1.31957979983 2.47333735623
1.42848756462 2.17631658856
4
0.881735665449 3.49781470395
1.15548233017 3.75962174516
1.20386428721 3.70903334498
0.930117622487 3.44722630377
4
0.798311159029 3.86240893081
0.722740321756 4.28362459823
0.791640215522 4.29598601558
0.867211052796 3.87477034817
4
1.45714634835 4.03016793483
1.38798004901 4.39397125706
1.45674824648 4.40704546898
1.52591454582 4.04324214675
4
1.79252627308 4.30265600705
2.1281269518 4.42912813813
2.15281197461 4.36362508745
1.8172112959 4.23715295637
4
-0.842359735353 1.07660077806
-0.581724586372 1.41454538206
-0.526294674864 1.37179582171
-0.786929823845 1.03385121771
4
-0.630099377047 1.53618109259
-0.677720036902 2.03376975521
-0.608038417849 2.04043848569
-0.560417757994 1.54284982306
4
-1.28770900802 1.77405473858
-1.07479648974 2.02326925591
-1.02157473939 1.97780008735
-1.23448725767 1.72858557002
4
-0.94155014004 2.31560811426
-1.01251108025 2.72763621135
-0.94352667588 2.73951695014
-0.872565735673 2.32748885304
