10
4
1366.02 1299.37
1346.32 1324.59
1169.01 1186.07
1188.71 1160.85
4
1407.59 530.47
1388.97 504.446
1571.95 373.513
1590.57 399.537
4
778.275 1097.38
776.427 1065.43
1001.05 1052.44
1002.9 1084.39
4
979.688 637.651
976.407 669.482
827.197 654.104
830.478 622.273
4
1377.37 548.499
1347.95 561.076
1230.03 285.222
1259.46 272.644
4
1667.26 1056.96
1654.44 1027.64
1860.58 937.485
1873.41 966.804
4
1004.56 986.311
976.565 1001.82
867.512 805.015
895.502 789.505
4
97.527 1571.22
72.043 1551.87
253.484 1312.96
278.968 1332.31
4
398.314 1016.58
380.896 989.733
632.562 826.442
649.98 853.286
4
404.874 1455.73
376.715 1470.93
269.831 1272.94
297.99 1257.74
0 2 5 6 3 8 9 7 1 4
9 0 2 6 7 5 8 3 1 4