10
4
569.832 150.105
558.516 180.038
418.208 126.995
429.524 97.0624
4
1166.3 1520.64
1136.55 1532.43
1053.66 1323.26
1083.41 1311.47
4
138.222 1483.63
108.016 1473.06
157.538 1331.47
187.744 1342.04
4
386.968 904.992
365.388 928.621
143.872 726.308
165.452 702.679
4
1464.23 475.904
1434.34 464.462
1541.61 184.296
1571.5 195.738
4
475.009 698.345
450.17 718.52
261.031 485.655
285.87 465.48
4
1731.08 131.358
1725.24 99.8945
1872.72 72.542
1878.56 104.005
4
566.376 1090.75
562.009 1059.05
784.904 1028.35
789.271 1060.05
4
1768.14 498.422
1736.98 491.117
1771.22 345.078
1802.38 352.383
4
1177.77 1241.86
1145.77 1241.74
1146.95 941.738
1178.95 941.864
4
0 0
0 2000
2000 2000
2000 0
