30
10
4
1625.34 702.273
1621.03 670.565
1769.66 650.327
1773.97 682.035
4
948.386 1615.22
916.645 1611.16
935.694 1462.38
967.435 1466.44
4
1643.29 214.363
1637.63 245.859
1489.99 219.337
1495.65 187.841
4
582.508 484.69
575.855 515.99
282.412 453.61
289.065 422.31
4
302.09 1412.45
287.354 1440.86
87.6303 1337.25
102.366 1308.84
4
1368.93 136.71
1368.31 168.704
1143.35 164.39
1143.97 132.396
4
224.038 847.571
214.403 817.056
500.482 726.729
510.117 757.244
4
425.629 1049.45
416.302 1018.84
631.531 953.252
640.858 983.862
4
814.24 240.147
785.69 225.693
887.32 24.9532
915.87 39.4072
4
1009.13 1097.39
977.341 1093.73
1003.11 870.208
1034.9 873.873
4
0 0
0 2000
2000 2000
2000 0
-1
8
2
3
4
6
-2
5
7
10
9
1
-3
