60
10
4
383.008 810.193
377.519 778.667
673.072 727.207
678.561 758.733
4
709.15 361.185
693.917 389.326
430.09 246.515
445.323 218.374
4
1642.43 1042.3
1610.64 1038.59
1628.01 889.602
1659.8 893.307
4
669.098 1560.37
638.116 1552.37
694.422 1334.53
725.404 1342.53
4
1189.68 624.238
1169.04 648.695
1054.4 551.962
1075.04 527.505
4
737.162 1150.64
731.573 1182.15
583.878 1155.96
589.467 1124.45
4
628.713 1240.56
612.017 1267.86
356.087 1111.34
372.783 1084.04
4
155.361 686.731
126.798 672.304
228.239 471.469
256.802 485.896
4
1094.27 1282.56
1062.78 1288.29
1009.05 993.141
1040.54 987.41
4
766.49 1328.56
744.151 1305.65
851.55 1200.94
873.889 1223.85
4
0 0
0 2000
2000 2000
2000 0
