60
10
4
1563.95 951.014
1533.33 941.719
1576.89 798.186
1607.51 807.481
4
749.207 366.512
717.943 373.337
685.953 226.788
717.217 219.963
4
190.169 454.496
159.412 445.664
221.511 229.404
252.268 238.236
4
1502.27 837.001
1472.04 826.512
1521.21 684.799
1551.44 695.288
4
485.579 530.784
462.22 508.912
564.741 399.416
588.1 421.288
4
974.972 995.806
951.463 974.097
1154.99 753.694
1178.5 775.403
4
109.127 1064.51
79.986 1051.29
172.953 846.391
202.094 859.613
4
798.116 1284.97
770.464 1268.87
921.444 1009.63
949.096 1025.73
4
247.846 772.08
216.518 778.6
170.674 558.32
202.002 551.8
4
119.086 1605.63
88.9238 1594.95
164.074 1382.87
194.236 1393.55
4
0 0
0 2000
2000 2000
2000 0
