60
10
4
1096.2 198.431
1072.2 177.274
1220.96 8.46916
1244.96 29.6264
4
359.383 1354.03
352.533 1322.77
499.057 1290.67
505.907 1321.93
4
1695.79 523.193
1664.01 519.518
1689.85 296.007
1721.63 299.682
4
1051.66 544.262
1020.09 549.508
995.501 401.538
1027.07 396.292
4
455.389 1678.22
426.889 1692.77
324.571 1492.38
353.071 1477.83
4
863.962 485.413
833.645 495.654
761.638 282.487
791.955 272.246
4
84.5851 1388.04
70.9575 1359.08
274.535 1263.26
288.162 1292.22
4
1691.32 1506.13
1662.67 1520.37
1562.56 1318.87
1591.21 1304.63
4
1463.03 339.925
1431.49 345.29
1393.77 123.475
1425.31 118.11
4
463.852 1118.66
445.915 1145.16
259.588 1019.04
277.525 992.538
4
0 0
0 2000
2000 2000
2000 0
