60
10
4
655.22 293.261
627.533 277.217
740.34 82.5392
768.027 98.5828
4
274.163 1251.06
247.649 1268.97
121.677 1082.54
148.191 1064.63
4
1040.72 729.633
1026.1 758.098
892.675 689.567
907.295 661.102
4
1092.57 1406.67
1064.42 1421.88
957.47 1223.93
985.624 1208.72
4
1550.9 1214.1
1531.84 1188.39
1772.82 1009.7
1791.88 1035.41
4
1052.49 321.184
1022.18 310.913
1094.39 97.8164
1124.7 108.087
4
1850.19 1105.52
1818.19 1105.95
1814.09 805.982
1846.09 805.546
4
1750.67 678.013
1723.06 694.195
1647.21 564.787
1674.82 548.605
4
1190.37 1187.61
1162.5 1203.34
1051.91 1007.39
1079.78 991.664
4
1568.55 922.099
1544.17 942.831
1349.81 714.301
1374.19 693.569
4
0 0
0 2000
2000 2000
2000 0
