60
10
4
168.025 512.591
165.966 480.658
315.655 471.009
317.714 502.942
4
570.678 1279.28
538.691 1278.36
543.002 1128.42
574.989 1129.34
4
1832.46 324.129
1800.58 326.854
1781.42 102.671
1813.3 99.9463
4
1752.77 532.059
1731.29 508.343
1953.63 306.941
1975.11 330.657
4
1474.37 806.598
1458.5 778.813
1653.87 667.202
1669.74 694.987
4
647.107 790.869
628.616 816.986
383.773 643.631
402.264 617.514
4
1550.79 357.915
1534.52 385.468
1405.37 309.185
1421.64 281.632
4
1486.75 966.596
1479.53 935.419
1771.81 867.804
1779.03 898.981
4
1253.44 1564.6
1228.04 1584.06
1136.8 1465
1162.2 1445.54
4
148.47 1516.72
116.513 1518.38
108.77 1368.58
140.727 1366.92
4
0 0
0 2000
2000 2000
2000 0
