60
10
4
1518.43 1243.45
1498.88 1268.79
1380.13 1177.15
1399.68 1151.81
4
1639.95 1175.82
1608.29 1180.44
1564.97 883.582
1596.63 878.962
4
1739.73 596.65
1714.02 615.706
1580.03 434.95
1605.74 415.894
4
718.731 1046.22
695.572 1068.3
488.549 851.181
511.708 829.098
4
578.89 1610.28
567.246 1640.09
357.67 1558.22
369.314 1528.41
4
724.623 307.665
701.568 285.473
909.617 69.3348
932.672 91.5266
4
1001.55 1591.07
989.582 1561.39
1198.25 1477.23
1210.22 1506.91
4
890.133 1459.05
858.696 1453.07
914.747 1158.35
946.184 1164.33
4
1168.74 591.665
1144.02 611.98
1001.18 438.135
1025.9 417.82
4
1455.88 775.723
1427.8 760.389
1571.56 497.077
1599.64 512.411
4
0 0
0 2000
2000 2000
2000 0
