60
10
4
642.382 1607.68
611.551 1616.25
571.378 1471.72
602.209 1463.15
4
216.45 1097.34
213.59 1065.47
362.99 1052.06
365.85 1083.93
4
1319.35 672.027
1287.42 674.1
1272.85 449.573
1304.78 447.5
4
889.616 135.233
886.416 167.072
662.544 144.567
665.744 112.728
4
1880.02 362.096
1848.03 361.679
1851.94 61.7041
1883.93 62.1214
4
1137.16 211.185
1119.43 237.825
869.681 71.6147
887.41 44.9749
4
932.47 1204.38
908.696 1225.8
707.89 1002.92
731.664 981.499
4
203.374 1389.28
171.57 1385.74
196.426 1162.12
228.23 1165.66
4
1947.96 1441.5
1947.79 1473.5
1722.8 1472.3
1722.97 1440.3
4
618.573 806.267
590.409 821.459
483.587 623.433
511.751 608.241
4
0 0
0 2000
2000 2000
2000 0
