60
10
4
779.761 1371.95
777.582 1403.88
478.279 1383.45
480.458 1351.52
4
1000.63 1448.59
988.33 1419.05
1126.81 1361.41
1139.11 1390.95
4
46.9628 446.033
29.7478 419.058
282.637 257.667
299.852 284.642
4
538.822 1153.4
522.983 1125.59
783.658 977.104
799.497 1004.91
4
1269.92 379.483
1238.69 372.511
1287.72 152.917
1318.95 159.889
4
1729.31 193.396
1728.76 225.391
1428.81 220.204
1429.36 188.209
4
1571.98 1484.54
1557.05 1456.24
1756.06 1351.26
1770.99 1379.56
4
1673.22 793.968
1643.49 782.124
1754.54 503.432
1784.27 515.276
4
211.458 786.025
202.149 755.409
345.662 711.775
354.971 742.391
4
418.638 1224.7
411.064 1193.61
556.802 1158.1
564.376 1189.19
4
0 0
0 2000
2000 2000
2000 0
