60
10
4
1700.21 473.459
1668.65 478.735
1619.19 182.841
1650.75 177.565
4
318.689 1225.04
312.775 1193.59
460.191 1165.86
466.105 1197.31
4
1560.16 1137.62
1539.26 1161.85
1312.12 965.878
1333.02 941.649
4
1224.05 769.663
1206.16 743.129
1454.91 575.437
1472.8 601.971
4
599.318 531.883
570.042 518.964
660.882 313.117
690.158 326.036
4
1331.96 1571.76
1309 1549.46
1518 1334.24
1540.96 1356.54
4
1569.28 937.074
1559.11 906.733
1772.44 835.226
1782.61 865.567
4
45.5043 889.33
33.2365 859.775
171.776 802.27
184.044 831.825
4
1755.74 449.085
1750.09 417.587
1897.74 391.115
1903.39 422.613
4
258.331 1348.51
251.187 1317.32
470.509 1267.09
477.653 1298.28
4
0 0
0 2000
2000 2000
2000 0
