30
10
4
1144.68 969.917
1120.57 990.953
923.358 764.883
947.472 743.847
4
284.016 1032.17
253.491 1041.77
185.984 827.133
216.509 817.532
4
296.941 191.351
266.725 201.886
217.339 60.2493
247.555 49.7137
4
1744.16 649.428
1712.51 654.138
1690.44 505.772
1722.09 501.062
4
877.982 1252.53
868.365 1283.05
725.298 1237.97
734.915 1207.45
4
1556.38 991.445
1533.83 1014.14
1374.22 855.555
1396.77 832.856
4
307.234 880.959
290.926 853.426
549.046 700.541
565.354 728.074
4
581.165 1285.82
562.169 1260.07
803.595 1081.98
822.591 1107.73
4
1499.54 523.729
1480.18 498.247
1719.06 316.771
1738.42 342.253
4
982.717 322.191
953.826 335.95
857.083 132.809
885.974 119.05
4
0 0
0 2000
2000 2000
2000 0
-1
5
6
4
3
-2
8
2
9
-3
1
7
10
-4
