60
10
4
211.682 718.06
179.683 718.235
178.038 418.24
210.037 418.065
4
1448.77 610.526
1443.03 579.046
1738.15 525.174
1743.89 556.654
4
256.453 1315.43
236.626 1340.55
1.14727 1154.67
20.974 1129.55
4
1552.08 1490.73
1543.21 1521.48
1327.04 1459.07
1335.91 1428.32
4
133.609 1199.75
107.495 1181.26
194.191 1058.85
220.305 1077.34
4
1089.88 528.839
1057.95 526.675
1078.24 227.361
1110.17 229.525
4
347.645 1618.73
322.338 1638.31
184.635 1460.37
209.942 1440.79
4
1573.32 455.985
1554.45 481.826
1372.76 349.115
1391.63 323.274
4
384.354 965.328
360.852 943.611
564.446 723.272
587.948 744.989
4
1250.31 825.295
1225.09 844.998
1132.73 726.805
1157.95 707.102
4
0 0
0 2000
2000 2000
2000 0
