60
10
4
1250.98 148.584
1242.17 179.348
1025.86 117.416
1034.67 86.6519
4
1861.15 255.503
1830.84 245.262
1902.85 32.0967
1933.16 42.3384
4
1735.89 1350.93
1717.65 1377.22
1471.19 1206.17
1489.43 1179.88
4
1745.48 479.361
1717.73 495.308
1605.6 300.239
1633.35 284.292
4
239.515 773.132
208.528 781.12
171.085 635.868
202.072 627.88
4
178.235 520.203
146.395 523.398
116.445 224.897
148.285 221.702
4
145.25 1380.33
114.739 1389.98
69.51 1246.97
100.021 1237.32
4
1050.71 364.073
1025.09 383.25
890.253 203.127
915.871 183.95
4
1308.41 1181.69
1277.37 1189.45
1204.59 898.414
1235.63 890.65
4
1689.56 817.793
1658.55 809.872
1732.8 519.207
1763.81 527.128
4
0 0
0 2000
2000 2000
2000 0
