60
10
4
538.578 639.642
525.461 668.83
251.822 545.858
264.939 516.67
4
1712.58 755.636
1690.76 732.225
1800.5 629.964
1822.32 653.375
4
1888.02 1548.49
1856.86 1541.22
1908.02 1322.11
1939.18 1329.38
4
238.57 1209.22
215.535 1231.44
59.3502 1069.48
82.3846 1047.26
4
1716.63 1073.28
1685.01 1078.22
1650.29 855.917
1681.91 850.979
4
1296.37 904.811
1287.06 935.427
1143.55 891.789
1152.86 861.173
4
934.609 1519.31
914.352 1494.54
1030.47 1399.59
1050.73 1424.36
4
22.3332 408.045
9.13443 378.894
282.427 255.155
295.626 284.306
4
1257.2 443.74
1228.83 458.542
1124.76 259.06
1153.13 244.258
4
1248.1 1047.42
1219.95 1062.63
1148.62 930.685
1176.77 915.466
4
0 0
0 2000
2000 2000
2000 0
