60
10
4
411.945 794.619
410.398 762.657
635.135 751.781
636.682 783.743
4
1309.73 760.894
1283.45 779.158
1155.03 594.406
1181.31 576.142
4
188.284 1360.46
156.915 1366.78
127.276 1219.74
158.645 1213.42
4
1128.87 310.456
1108.96 285.4
1285.13 145.444
1305.04 170.5
4
837.307 1574.86
817.925 1600.32
638.893 1464.04
658.275 1438.58
4
1382.05 744.516
1355.82 726.186
1527.67 480.284
1553.9 498.614
4
1481.1 303.791
1473.35 334.838
1327.82 298.509
1335.57 267.462
4
820.643 1010.53
790.638 1021.65
712.437 810.674
742.442 799.552
4
1820.26 1466.38
1807.06 1495.53
1602.1 1402.72
1615.3 1373.57
4
760.18 225.846
756.641 194.042
980.26 169.154
983.799 200.958
4
0 0
0 2000
2000 2000
2000 0
