60
10
4
308.537 769.96
286.699 746.57
505.983 541.84
527.821 565.23
4
1097.52 333.285
1067.13 323.253
1114.16 180.815
1144.55 190.847
4
796.871 1573.64
765.732 1581.01
713.889 1362.06
745.028 1354.69
4
497.414 1091.13
465.414 1090.97
466.146 940.973
498.146 941.129
4
357.586 503.732
347.358 534.053
63.0942 438.168
73.3219 407.847
4
1347.79 192.858
1315.91 195.593
1303.09 46.1415
1334.97 43.4071
4
700.154 984.006
682.01 957.647
805.566 872.594
823.71 898.953
4
546.437 1001.59
514.44 1001.99
510.723 702.01
542.72 701.613
4
407.291 1207.37
395.125 1236.96
256.389 1179.93
268.555 1150.34
4
401.411 452.456
379.654 475.921
159.669 271.944
181.426 248.479
4
0 0
0 2000
2000 2000
2000 0
