60
10
4
1455.65 579.281
1425.41 589.74
1327.35 306.219
1357.59 295.76
4
41.4796 464.827
36.3671 433.238
184.44 409.273
189.553 440.862
4
157.633 1677.44
126.14 1683.11
72.967 1387.86
104.46 1382.19
4
1145.69 485.525
1143.59 517.456
844.233 497.775
846.333 465.844
4
885.812 705.765
870.27 733.737
608.028 588.035
623.57 560.063
4
1622.32 1207.77
1599.19 1185.66
1702.84 1077.23
1725.97 1099.34
4
1110.72 169.782
1099.57 139.786
1310.48 61.4176
1321.63 91.4138
4
887.745 1432.84
862.182 1413.59
952.415 1293.76
977.978 1313.01
4
63.2764 1136.31
40.6012 1113.73
199.364 954.293
222.039 976.872
4
1331.96 979.005
1314.96 951.896
1442.04 872.195
1459.04 899.304
4
0 0
0 2000
2000 2000
2000 0
