60
10
4
1157.69 1235.97
1129.47 1251.06
1023.39 1052.63
1051.61 1037.54
4
359.49 1136.17
327.518 1134.83
336.95 910.028
368.922 911.37
4
526.427 402.766
521.026 434.307
299.253 396.334
304.654 364.793
4
164.976 1692.44
136.189 1678.46
234.464 1476.06
263.251 1490.04
4
562.455 1524.85
559.435 1556.71
410.105 1542.55
413.125 1510.69
4
493.391 1512.71
466.392 1495.53
587.169 1305.69
614.168 1322.87
4
1249.15 1063.52
1226.27 1085.89
1016.53 871.384
1039.41 849.012
4
1368.61 826.009
1344.5 847.044
1196.59 677.491
1220.7 656.456
4
1608.97 1252.82
1605.03 1284.58
1381.75 1256.88
1385.69 1225.12
4
1413.16 263.086
1393.34 237.961
1570 98.6141
1589.82 123.739
4
0 0
0 2000
2000 2000
2000 0
