60
10
4
724.14 353.415
706.11 379.852
520.22 253.085
538.25 226.648
4
258.664 648.35
228.635 637.293
306.376 426.15
336.405 437.207
4
1547.5 837.758
1515.63 840.632
1495.42 616.542
1527.29 613.668
4
1154.46 1347.89
1136.39 1374.31
950.664 1247.31
968.726 1220.89
4
1754.81 1409.94
1735.87 1435.73
1554.51 1302.56
1573.45 1276.77
4
686.685 1441.55
659.108 1457.78
506.915 1199.25
534.492 1183.02
4
1122.25 1093.22
1117.1 1124.81
895.032 1088.58
900.185 1056.99
4
1384.71 1406.23
1360.69 1427.37
1162.49 1202.17
1186.51 1181.03
4
1662.98 1571.38
1657.4 1539.87
1805.1 1513.72
1810.68 1545.23
4
186.798 1588.01
161.193 1568.82
251.162 1448.79
276.767 1467.98
4
0 0
0 2000
2000 2000
2000 0
