60
10
4
1254.73 1106.93
1247.4 1075.78
1539.43 1007.07
1546.76 1038.22
4
1111.78 493.86
1082.48 481.005
1142.74 343.64
1172.04 356.495
4
1846.11 915.021
1819.01 932.036
1699.37 741.479
1726.47 724.464
4
1460.38 1396.48
1429.01 1390.15
1458.7 1243.12
1490.07 1249.45
4
1174.25 1013.8
1171.57 981.917
1470.51 956.795
1473.19 988.683
4
1304.79 353.592
1293.77 323.551
1575.41 220.208
1586.43 250.249
4
1564.37 1303.1
1532.56 1299.65
1564.95 1001.4
1596.76 1004.85
4
124.831 1062.06
122.081 1030.18
346.249 1010.84
348.999 1042.72
4
1250.86 1672.64
1219.83 1680.49
1146.22 1389.66
1177.25 1381.81
4
594.843 912.462
565.82 898.984
628.997 762.938
658.02 776.416
4
0 0
0 2000
2000 2000
2000 0
