60
10
4
588.842 546.525
577.47 576.436
367.158 496.475
378.53 466.564
4
391.084 756.454
375.289 728.624
636.196 580.546
651.991 608.376
4
1463.11 980.038
1445.51 953.309
1696.09 788.362
1713.69 815.091
4
1580.01 774.745
1562.91 747.694
1689.71 667.555
1706.81 694.606
4
949.776 559.144
940.515 589.774
725.144 524.656
734.405 494.026
4
544.124 1064.42
512.185 1066.4
493.596 766.98
525.535 764.997
4
822.851 1257.82
803.533 1283.33
683.949 1192.78
703.267 1167.27
4
703.141 730.774
671.477 726.153
693.139 577.726
724.803 582.347
4
1946.32 1361.59
1928.29 1388.02
1804.36 1303.51
1822.39 1277.08
4
1773.43 614.88
1742.7 623.808
1659.01 335.72
1689.74 326.792
4
0 0
0 2000
2000 2000
2000 0
