30
10
4
1691.6 771.052
1678.67 741.782
1884.48 650.848
1897.41 680.118
4
842.325 1395.48
832.604 1364.99
975.515 1319.42
985.236 1349.91
4
1461.57 459.919
1435.03 442.027
1560.83 255.481
1587.37 273.373
4
643.978 765.852
612.016 764.29
626.662 464.648
658.624 466.21
4
1048.63 542.995
1034.66 571.787
832.214 473.605
846.178 444.813
4
913.515 989.007
896.923 961.645
1153.44 806.093
1170.04 833.455
4
214.019 517.252
183.451 526.719
94.7009 240.148
125.269 230.681
4
1350.79 945.196
1319.21 940.058
1343.29 792.004
1374.87 797.142
4
919.269 1108.08
911.12 1139.02
621.011 1062.62
629.16 1031.68
4
1110.96 1397.89
1104.92 1366.46
1399.52 1309.81
1405.56 1341.24
4
0 0
0 2000
2000 2000
2000 0
-1
10
2
9
6
8
4
1
5
3
7
-2
