60
10
4
480.602 1243.71
448.76 1246.88
426.438 1022.99
458.28 1019.82
4
329.659 298.793
299.4 288.38
397.021 4.70725
427.28 15.1202
4
708.122 1086.47
683.589 1107.02
539.118 934.528
563.651 913.981
4
1209.78 417.883
1177.97 421.317
1153.82 197.617
1185.63 194.183
4
810.479 673.783
809.545 641.797
959.481 637.417
960.415 669.403
4
1557.18 1121.76
1554.22 1089.89
1852.94 1062.14
1855.9 1094.01
4
1192.64 884.303
1176.49 911.927
917.515 760.497
933.668 732.873
4
882.301 444.639
879.081 412.801
1102.94 390.161
1106.16 421.999
4
1712.1 307.986
1683.08 321.463
1619.9 185.414
1648.92 171.937
4
1261.04 568.196
1229.06 569.226
1224.24 419.304
1256.22 418.274
4
0 0
0 2000
2000 2000
2000 0
