60
10
4
792.223 601.878
789.954 569.958
939.577 559.322
941.846 591.242
4
1107.23 959.478
1085.67 983.127
863.968 781.022
885.526 757.373
4
1740.7 856.386
1736.94 888.164
1439.02 852.914
1442.78 821.136
4
431.944 771.998
431.22 803.99
131.296 797.202
132.02 765.21
4
742.823 1349.44
722.527 1324.7
838.497 1229.56
858.793 1254.3
4
571.371 1637.68
542.407 1624.07
638.069 1420.42
667.033 1434.03
4
782.44 758.463
756.349 776.99
626.08 593.537
652.171 575.01
4
1507.28 758.186
1503.28 789.935
1280.04 761.814
1284.04 730.065
4
1673.3 1418.49
1671.15 1450.42
1446.66 1435.31
1448.81 1403.38
4
1490.38 1669.37
1458.39 1670.09
1454.98 1520.13
1486.97 1519.41
4
0 0
0 2000
2000 2000
2000 0
