60
10
4
468.327 963.632
447.637 988.044
275.993 842.568
296.683 818.156
4
432.198 795.451
400.302 792.876
424.442 493.849
456.338 496.424
4
319.249 881.943
298.544 906.341
126.991 760.757
147.696 736.359
4
848.834 585.601
846.204 617.493
621.966 598.999
624.596 567.107
4
1552.92 664.699
1527.65 684.339
1389.56 506.701
1414.83 487.061
4
1647.12 1076.25
1620 1059.26
1699.64 932.149
1726.76 949.14
4
279.982 1409.16
253.868 1390.66
427.258 1145.84
453.372 1164.34
4
1239.82 205.404
1232.17 174.33
1450.66 120.596
1458.31 151.67
4
1353.02 1062.24
1321.51 1056.68
1347.54 908.961
1379.05 914.515
4
1583.2 761.778
1559.7 783.502
1356.04 563.222
1379.54 541.498
4
0 0
0 2000
2000 2000
2000 0
