30
10
4
1833.78 250.734
1818.83 222.44
1951.46 152.366
1966.41 180.66
4
601.144 1561.65
578.18 1583.94
369.256 1368.65
392.22 1346.36
4
747.304 1204.56
729.509 1177.96
854.176 1094.54
871.971 1121.14
4
401.074 320.954
383.74 347.853
131.566 185.346
148.9 158.447
4
1505.09 1291.37
1482.48 1314.02
1323.27 1155.03
1345.88 1132.38
4
258.842 808.805
245.717 779.621
382.518 718.095
395.643 747.279
4
1613.87 965.78
1586.44 949.303
1702.29 756.42
1729.72 772.897
4
245.752 792.743
237.914 823.768
19.7679 768.657
27.6059 737.632
4
886.108 906.072
860.514 925.281
725.452 745.328
751.046 726.119
4
1724.03 939.336
1703.04 915.186
1929.45 718.364
1950.44 742.514
4
0 0
0 2000
2000 2000
2000 0
-1
2
9
6
1
-2
3
7
8
-3
5
10
4
-4
