60
10
4
1354.33 631.127
1342.15 660.72
1064.71 546.573
1076.89 516.98
4
250.018 1378.37
228.246 1354.92
393.142 1201.83
414.914 1225.28
4
251.061 942.648
219.461 947.696
172.139 651.452
203.739 646.404
4
1420.93 272.473
1391.03 261.078
1471.15 50.8271
1501.05 62.2224
4
1397.95 1526.55
1366.58 1520.23
1410.97 1299.65
1442.34 1305.97
4
1163.68 222.291
1132.03 217.561
1154.2 69.2087
1185.85 73.9394
4
1127.09 1513.4
1121.67 1544.94
899.914 1506.9
905.325 1475.36
4
939.306 858.824
910.498 872.755
779.894 602.676
808.702 588.745
4
1721.68 618.343
1702.08 593.046
1879.96 455.257
1899.56 480.554
4
569.576 1587.15
559.139 1617.4
275.544 1519.55
285.981 1489.3
4
0 0
0 2000
2000 2000
2000 0
