30
10
4
1309.54 843.907
1299.32 813.582
1583.62 717.793
1593.84 748.118
4
277.632 1613.85
262.514 1642.05
64.2078 1535.75
79.326 1507.55
4
1218.17 1087.66
1186.86 1094.27
1124.91 800.738
1156.22 794.129
4
1621.96 1392.72
1591.12 1401.27
1510.96 1112.18
1541.8 1103.63
4
419.328 891.036
400.26 865.337
580.952 731.264
600.02 756.963
4
1042.57 296.291
1016.19 278.184
1101.07 154.509
1127.45 172.616
4
427.143 224.099
404.151 246.355
195.497 30.801
218.489 8.54458
4
1687.62 770.931
1678.45 740.274
1965.86 654.269
1975.03 684.926
4
748.865 983.627
716.885 984.777
711.495 834.873
743.475 833.723
4
1106.61 134.518
1094.11 163.976
956.029 105.382
968.529 75.9241
4
0 0
0 2000
2000 2000
2000 0
-1
2
1
7
-2
4
5
10
-3
3
8
-4
9
6
-5
