60
10
4
456.225 362.507
441.811 333.937
642.695 232.593
657.109 261.163
4
1588.18 1360.37
1560.94 1377.16
1442.86 1185.63
1470.1 1168.84
4
66.5627 872.573
51.4983 844.341
183.837 773.727
198.902 801.959
4
895.378 641.312
888.676 610.022
1182.02 547.188
1188.72 578.478
4
1427.49 631.203
1396.9 621.832
1462.79 406.697
1493.38 416.068
4
454.12 1577.25
426.038 1561.9
533.92 1364.45
562.002 1379.8
4
162.032 1346.28
137.701 1325.49
283.848 1154.42
308.179 1175.21
4
1469.59 254.291
1446.79 276.742
1288.93 116.409
1311.73 93.9581
4
1694.34 1529.3
1662.54 1525.69
1696.34 1227.6
1728.14 1231.21
4
750.662 1401.9
747.842 1370.02
897.258 1356.8
900.078 1388.68
4
0 0
0 2000
2000 2000
2000 0
-1
10
2
9
4
1
-2
6
7
3
5
8
-3
