60
10
4
888.74 1631.83
858.517 1642.34
809.22 1500.67
839.443 1490.16
4
526.215 1069.97
515.959 1100.28
231.785 1004.13
242.041 973.817
4
267.571 1205.82
236.515 1213.54
182.269 995.176
213.325 987.461
4
1635.65 845.277
1608.73 862.581
1446.51 610.223
1473.43 592.919
4
1682.73 708.955
1651.22 714.578
1598.51 419.245
1630.02 413.622
4
628.819 1510.46
611.807 1483.35
802.381 1363.74
819.393 1390.85
4
1842.3 387.027
1810.53 390.881
1792.46 241.973
1824.23 238.119
4
1376.55 176.152
1372.37 144.425
1595.45 115.048
1599.63 146.775
4
1938.97 725.3
1918.68 750.04
1802.71 654.9
1823 630.16
4
1797.94 402.223
1766.26 406.754
1723.78 109.777
1755.46 105.246
4
0 0
0 2000
2000 2000
2000 0
