60
10
4
1101.15 1067.12
1098.28 1098.99
799.489 1072.08
802.36 1040.21
4
249.523 385.144
245.086 353.454
393.637 332.656
398.074 364.346
4
1111.6 609.325
1089.33 586.343
1250.92 429.775
1273.19 452.757
4
1667.94 1582.16
1649.03 1607.98
1467.5 1475.04
1486.41 1449.22
4
715.83 997.305
711.113 1028.96
488.57 995.795
493.287 964.145
4
1591.64 1199.58
1561.37 1189.2
1610.04 1047.32
1640.31 1057.7
4
1714.94 689.505
1707.76 658.319
1853.94 624.695
1861.12 655.881
4
322.634 1008.66
297.575 1028.57
111.006 793.636
136.065 773.735
4
460.199 925.76
438.768 901.996
550.161 801.54
571.592 825.304
4
787.377 667.388
755.516 664.403
783.503 365.712
815.364 368.697
4
0 0
0 2000
2000 2000
2000 0
