60
10
4
1089.42 734.023
1057.51 736.436
1040.54 512.077
1072.45 509.664
4
378.802 394.39
356.861 417.683
193.078 263.41
215.019 240.117
4
1546.83 1070.78
1539.32 1101.89
1247.69 1031.52
1255.2 1000.41
4
1661.43 475.508
1630.31 468.065
1700.09 176.292
1731.21 183.735
4
1274.67 246.857
1243.7 254.912
1205.93 109.743
1236.9 101.688
4
1383.78 1361.4
1379.25 1329.72
1527.74 1308.5
1532.27 1340.18
4
691.116 861.982
672.972 835.623
920.084 665.518
938.228 691.877
4
713.582 446.596
694.992 472.642
572.898 385.504
591.488 359.458
4
1516.64 1686.79
1492.5 1665.79
1689.36 1439.41
1713.5 1460.41
4
1211.2 1126.22
1179.46 1122.15
1217.56 824.583
1249.3 828.646
4
0 0
0 2000
2000 2000
2000 0
