60
10
4
1504.07 1219.95
1487.87 1192.36
1746.57 1040.45
1762.77 1068.04
4
766.197 739.253
748.821 766.124
559.883 643.947
577.259 617.076
4
1501.93 1286.19
1496.85 1317.79
1348.75 1294.01
1353.83 1262.41
4
1255.81 249.876
1224.09 254.128
1194.19 31.1239
1225.91 26.8715
4
1635.75 394.028
1607.99 409.958
1458.65 149.772
1486.41 133.842
4
305.649 1538.82
300.566 1570.41
152.471 1546.58
157.554 1514.99
4
824.388 1598
802.048 1620.92
694.652 1516.2
716.992 1493.28
4
309.584 1465.3
279.476 1454.46
381.096 1172.2
411.204 1183.04
4
1088.43 1142.21
1067.73 1166.61
953.332 1069.59
974.029 1045.19
4
612.328 1287.8
580.909 1293.86
524.032 999.304
555.451 993.237
4
0 0
0 2000
2000 2000
2000 0
