60
10
4
1624 436.32
1609.65 464.922
1341.52 330.38
1355.87 301.778
4
936.404 246.193
906.988 233.596
966.036 95.7071
995.452 108.304
4
1770.01 310.684
1742.65 294.088
1859.35 101.716
1886.71 118.312
4
747.443 1668.72
716.335 1661.21
769.077 1442.48
800.185 1449.99
4
1351.89 1264.54
1320.63 1271.39
1288.55 1124.86
1319.81 1118.01
4
1376.23 1460.1
1371.13 1491.69
1149.01 1455.8
1154.11 1424.21
4
1291.08 909.653
1267.73 887.775
1472.84 668.847
1496.19 690.725
4
833.398 423.924
811.722 400.384
977.242 247.976
998.918 271.516
4
1047.33 1277.45
1029.74 1304.19
904.429 1221.75
922.015 1195.01
4
689.773 331.031
657.775 330.654
660.427 105.669
692.425 106.046
4
0 0
0 2000
2000 2000
2000 0
