30
15
4
1176.53 604.152
1165.09 574.266
1375.23 493.848
1386.67 523.734
4
218.994 1024.71
189.962 1038.17
63.7857 765.992
92.8178 752.533
4
718.757 1607.54
694.129 1587.11
789.903 1471.66
814.531 1492.09
4
1710.11 290.663
1705.75 258.961
1854.35 238.537
1858.71 270.239
4
414.118 576.226
390.037 555.152
488.822 442.274
512.903 463.348
4
1251.84 1575.5
1246.06 1606.98
1098.52 1579.9
1104.3 1548.42
4
1200.97 817.097
1192.21 786.32
1480.75 704.203
1489.51 734.98
4
129.003 1380.26
99.3279 1392.24
43.1971 1253.14
72.8721 1241.16
4
794.686 919.12
765.29 906.477
824.554 768.68
853.95 781.323
4
672.204 1485.81
640.24 1487.32
633.156 1337.49
665.12 1335.98
4
1945.21 1264.49
1917.12 1279.81
1773.53 1016.41
1801.62 1001.09
4
1350.59 1092.73
1322.79 1108.58
1174.19 847.972
1201.99 832.121
4
694.436 1320.77
663.159 1327.54
631.444 1180.93
662.721 1174.16
4
576.883 1068.08
553.482 1089.9
348.857 870.522
372.258 848.695
4
532.817 352.626
515.357 379.443
326.803 256.674
344.263 229.857
4
0 0
0 2000
2000 2000
2000 0
-1
6
12
11
5
-2
3
14
7
15
-3
10
8
2
4
-4
13
9
1
-5
