60
15
4
262.858 1132.38
236.388 1150.37
67.8023 902.216
94.2717 884.233
4
1416.25 1046.16
1413.33 1078.03
1263.95 1064.34
1266.87 1032.47
4
700.751 461.526
693.882 430.272
986.889 365.874
993.758 397.128
4
520.029 378.543
494.079 359.82
625.731 177.357
651.681 196.08
4
919.407 1402.06
891.335 1417.42
747.333 1154.24
775.405 1138.88
4
227.133 373.191
226.519 405.185
76.547 402.309
77.1606 370.315
4
1592.52 1649.32
1582.39 1679.67
1297.82 1584.68
1307.95 1554.33
4
736.118 970.676
721.641 999.214
520.982 897.424
535.459 868.886
4
1888.08 1384.5
1856.51 1379.27
1905.52 1083.3
1937.09 1088.53
4
214.711 608.081
183.348 614.434
153.569 467.419
184.932 461.066
4
316.944 1245.2
307.655 1214.58
594.736 1127.5
604.025 1158.12
4
1128.55 1243.25
1115.1 1272.28
978.989 1209.25
992.435 1180.22
4
1795.7 505.663
1765 514.707
1680.22 226.937
1710.92 217.893
4
971.306 1456.47
970.573 1424.48
1195.51 1419.33
1196.25 1451.32
4
1741.21 1415.73
1731.61 1446.25
1516.97 1378.77
1526.57 1348.25
4
0 0
0 2000
2000 2000
2000 0
