15
4
1849.08 391.065
1817.52 396.37
1780.22 174.485
1811.77 169.179
4
1100.12 1320.93
1080.82 1346.46
841.539 1165.5
860.841 1139.98
4
1272.01 456.565
1263.53 425.712
1408.15 385.923
1416.64 416.777
4
1230.88 748.577
1210.28 773.066
980.69 579.962
1001.29 555.472
4
821.303 524.202
813.339 493.209
958.62 455.879
966.584 486.872
4
1843.21 1144.76
1811.87 1151.23
1781.54 1004.33
1812.88 997.86
4
1176.8 1666.63
1155.12 1643.09
1265.43 1541.45
1287.11 1564.99
4
705.206 489.479
685.776 514.905
566.592 423.827
586.022 398.401
4
1216.25 1548.41
1187.2 1561.83
1092.83 1357.58
1121.88 1344.16
4
1449.85 749.109
1419.25 758.451
1353.56 543.252
1384.17 533.91
4
889.403 393.994
874.188 422.145
742.229 350.822
757.445 322.671
4
816.833 880.661
791.271 861.412
971.735 621.761
997.298 641.011
4
975.761 1155.63
946.004 1143.86
1056.35 864.893
1086.1 876.663
4
601.948 1162.17
573.019 1148.49
637.134 1012.88
666.063 1026.56
4
136.203 764.369
113.792 741.528
274.396 583.948
296.807 606.79
5 6 8 0 1 3 9 11 12 2 13 14 4 10 7 
6 8 1 13 11 5 3 12 9 14 4 2 10 7 0