60
15
4
669.893 812.956
659.599 843.255
375.547 746.744
385.841 716.445
4
1839.95 992.32
1809 1000.45
1770.87 855.38
1801.82 847.246
4
139.39 355.911
133.506 324.457
428.39 269.289
434.274 300.743
4
386.694 1449.19
356.799 1437.78
463.806 1157.51
493.701 1168.92
4
1361.91 1011.93
1329.97 1009.92
1344.13 785.366
1376.07 787.38
4
1672.19 1542.24
1660.06 1571.85
1451.85 1486.56
1463.98 1456.95
4
1609.99 425.63
1588.74 449.548
1420.57 300.07
1441.82 276.152
4
31.0849 1503.06
11.5757 1477.69
130.475 1386.24
149.984 1411.61
4
849.902 1016.58
830.021 991.51
947.558 898.316
967.439 923.39
4
1609.21 830.207
1596.8 859.699
1389.43 772.393
1401.84 742.901
4
1557.44 1438.29
1545.34 1408.66
1823.1 1295.31
1835.2 1324.94
4
475.433 548.139
473.786 516.182
623.587 508.461
625.234 540.418
4
801.462 1390.71
769.463 1390.59
770.278 1165.59
802.277 1165.71
4
1119.57 571.228
1093.18 589.327
965.927 403.772
992.317 385.673
4
1731.54 1072.23
1719.86 1102.02
1580.22 1047.27
1591.9 1017.48
4
0 0
0 2000
2000 2000
2000 0
