60
15
4
769.484 766.433
740.791 752.267
807.196 617.767
835.889 631.933
4
1051.09 1148.57
1027.33 1127.14
1228.21 904.328
1251.97 925.756
4
1305.63 1255.51
1288.53 1228.46
1478.69 1108.19
1495.79 1135.24
4
130.596 569.25
126.289 537.541
274.924 517.35
279.231 549.059
4
1416.72 1367.98
1394.09 1390.61
1234.98 1231.52
1257.61 1208.89
4
1793.03 925.994
1780.69 955.518
1503.91 839.806
1516.25 810.282
4
1138.31 720.753
1110.98 737.401
993.929 545.247
1021.26 528.599
4
1730.97 402.905
1723.79 371.719
1869.97 338.095
1877.15 369.281
4
1743.3 1385.82
1717.28 1404.44
1586.32 1221.48
1612.34 1202.86
4
1018.87 716.598
991.771 733.621
872.073 543.102
899.169 526.079
4
553.923 494.21
540.742 523.37
335.717 430.69
348.898 401.53
4
325.538 1299.17
317.214 1330.07
27.5418 1252.03
35.8659 1221.13
4
1744.97 357.839
1735.55 327.255
1950.59 261.061
1960.01 291.645
4
625.781 315.287
600.127 334.415
420.799 93.9131
446.453 74.7847
4
1420.8 807.709
1393.6 790.855
1512.1 599.591
1539.3 616.445
4
0 0
0 2000
2000 2000
2000 0
