60
15
4
1456.94 1295.28
1425.28 1290.63
1447.08 1142.22
1478.74 1146.87
4
1841.83 1066.01
1833.04 1096.78
1688.81 1055.59
1697.6 1024.82
4
1671.25 547.181
1650.86 571.837
1477.49 428.419
1497.88 403.763
4
1055.26 729.374
1053.38 697.43
1278 684.226
1279.88 716.17
4
988.516 1302.1
986.336 1334.02
836.684 1323.8
838.864 1291.88
4
1383.64 1663.84
1354.36 1650.93
1445.14 1445.06
1474.42 1457.97
4
1358.92 1434.64
1343.2 1462.51
1081.88 1315.16
1097.6 1287.29
4
604.059 1555.95
575.347 1541.82
674.701 1339.95
703.413 1354.08
4
54.0235 1336.01
50.1943 1304.24
199.117 1286.29
202.946 1318.06
4
961.93 676.535
929.988 678.458
916.47 453.865
948.412 451.942
4
1898.59 235.109
1890.85 266.159
1599.75 193.591
1607.49 162.541
4
914.85 1081.31
911.35 1049.5
1060.45 1033.09
1063.95 1064.9
4
258.971 1308.2
235.986 1285.94
340.349 1178.2
363.334 1200.46
4
1321.38 380.341
1308.73 350.95
1515.38 261.959
1528.03 291.35
4
355.84 515.228
325.036 506.561
385.98 289.972
416.784 298.639
4
0 0
0 2000
2000 2000
2000 0
