60
15
4
1846.78 1505.41
1816.36 1515.36
1769.74 1372.79
1800.16 1362.84
4
459.42 945.104
458.354 977.086
158.52 967.096
159.586 935.114
4
811.31 1305.7
779.768 1300.3
830.35 1004.6
861.892 1010
4
1492.55 1705.31
1460.88 1709.85
1418.31 1412.89
1449.98 1408.35
4
1666.67 325.447
1646.32 350.142
1414.81 159.353
1435.16 134.658
4
1422.77 687.211
1398.67 708.262
1299.99 595.289
1324.09 574.238
4
384.812 516.899
353.326 511.187
393.488 289.801
424.974 295.513
4
834.968 747.551
828.955 716.121
1123.61 659.749
1129.62 691.179
4
181.128 750.787
149.242 753.481
136.612 604.013
168.498 601.319
4
1021.41 1511.93
993.22 1527.07
851.288 1262.77
879.48 1247.63
4
1653.86 634.272
1625.74 649.544
1554.16 517.728
1582.28 502.456
4
800.441 1177.69
775.407 1197.63
635.259 1021.61
660.293 1001.67
4
1078.83 1213.17
1053.69 1193.38
1239.23 957.633
1264.37 977.424
4
1675.06 961.293
1655.26 936.156
1890.92 750.507
1910.72 775.644
4
1707.76 685.302
1676.47 678.585
1723.7 458.598
1754.99 465.315
4
0 0
0 2000
2000 2000
2000 0
