60
15
4
1859.54 405.92
1832.82 423.536
1667.68 173.08
1694.4 155.464
4
577.569 264.158
570.132 233.035
788.971 180.742
796.408 211.865
4
1280.33 779.003
1262.57 805.621
1013.03 639.097
1030.79 612.479
4
1289.55 1228.48
1288.42 1260.46
988.607 1249.82
989.742 1217.84
4
440.125 858.416
413.25 841.044
535.395 652.084
562.27 669.456
4
535.929 1235.05
508.227 1219.03
620.851 1024.25
648.553 1040.27
4
293.828 697.684
267.358 715.667
98.7723 467.516
125.242 449.533
4
1673.78 374.192
1645.9 389.912
1498.52 128.608
1526.4 112.888
4
1295.8 1398.43
1286.33 1367.87
1572.88 1279.07
1582.35 1309.63
4
505.044 1312.29
481.657 1334.13
379.276 1224.51
402.663 1202.67
4
844.526 828.624
818.818 847.68
729.494 727.176
755.202 708.12
4
1733.87 1024.59
1712.85 1048.72
1486.69 851.606
1507.71 827.482
4
863.622 1310.41
839.006 1330.86
647.318 1100.09
671.934 1079.64
4
1096.89 1028.09
1064.91 1029.21
1059.67 879.306
1091.65 878.186
4
1637.6 238.671
1607.79 250.291
1553.32 110.529
1583.13 98.9093
4
0 0
0 2000
2000 2000
2000 0
