60
15
4
379.922 985.896
354.875 1005.81
214.838 829.704
239.885 809.787
4
831.468 1290.36
801.246 1300.88
702.652 1017.54
732.874 1007.02
4
1026.36 305.059
994.97 298.864
1053.06 4.54056
1084.45 10.7363
4
1924.24 1375.46
1892.31 1377.58
1872.4 1078.24
1904.33 1076.12
4
1573.8 1133.6
1556.46 1106.7
1808.64 944.2
1825.98 971.099
4
1533.99 986.77
1509.24 1007.05
1366.61 833.03
1391.36 812.746
4
1113.18 1260.75
1088.11 1240.87
1181.32 1123.35
1206.39 1143.23
4
1765.93 820.229
1746.06 845.316
1510.87 659.071
1530.74 633.984
4
794.765 1565.22
765.927 1551.36
830.935 1416.18
859.773 1430.04
4
833.808 775.86
810.538 753.894
1016.47 535.74
1039.74 557.706
4
420.426 783.155
402.822 809.878
152.294 644.845
169.898 618.122
4
1694.89 1691.56
1671.68 1669.53
1774.95 1560.74
1798.16 1582.77
4
468.29 248.504
467.295 216.52
767.15 207.196
768.145 239.18
4
625.334 439.355
623.396 407.414
922.846 389.245
924.784 421.186
4
544.407 1269.65
539.582 1301.29
243.013 1256.05
247.838 1224.41
4
0 0
0 2000
2000 2000
2000 0
