60
15
4
1039.52 822.228
1008.32 829.317
941.856 536.772
973.06 529.683
4
1663.21 1147.14
1634.22 1133.59
1729.49 929.759
1758.48 943.31
4
699.001 276.257
697.454 244.294
847.279 237.043
848.826 269.006
4
1693.59 526.342
1673.55 551.291
1556.61 457.358
1576.65 432.409
4
1625.27 1585.57
1620.53 1553.92
1843.05 1520.63
1847.79 1552.28
4
1355.82 1089.93
1337.47 1116.15
1214.56 1030.17
1232.91 1003.95
4
969.852 1389.44
944.812 1369.51
1131.61 1134.76
1156.65 1154.69
4
1162.63 571.715
1141.45 547.73
1310.09 398.785
1331.27 422.77
4
1482.96 1323.46
1474.39 1354.29
1329.86 1314.14
1338.43 1283.31
4
370.721 1631.51
363.156 1662.61
71.6593 1591.69
79.2242 1560.59
4
558.885 529.634
551.057 560.661
405.615 523.966
413.443 492.939
4
1218.88 1606.47
1194.55 1627.27
999.623 1399.23
1023.95 1378.43
4
816.846 694.807
786.111 685.897
848.754 469.793
879.489 478.703
4
1901.99 587.348
1870.02 586.147
1875.65 436.252
1907.62 437.453
4
1947.56 1044.3
1919.75 1060.13
1808.42 864.604
1836.23 848.77
4
0 0
0 2000
2000 2000
2000 0
