60
15
4
1226.42 792.022
1205.12 815.906
1093.16 716.078
1114.46 692.194
4
1764.9 1142.06
1756.24 1111.25
1972.84 1050.34
1981.5 1081.15
4
464.736 913.191
450.286 884.639
584.124 816.909
598.574 845.461
4
297.84 1285.39
277.887 1310.41
101.98 1170.11
121.933 1145.09
4
1695.58 822.574
1666.38 835.658
1574.38 630.326
1603.58 617.242
4
1843.74 252.662
1815.43 267.598
1745.42 134.938
1773.73 120.002
4
297.641 864.617
294.3 896.442
145.119 880.783
148.46 848.958
4
1392.93 1027.42
1388.54 995.725
1611.41 964.877
1615.8 996.575
4
1530.02 1368.08
1527.22 1399.95
1377.8 1386.82
1380.6 1354.95
4
1595.51 283.884
1578.32 256.893
1704.85 176.316
1722.04 203.307
4
60.9737 1552.34
32.6826 1537.38
137.826 1338.46
166.117 1353.42
4
1730.79 317.241
1729.49 349.214
1429.73 337.059
1431.03 305.086
4
1094.36 721.698
1079.24 749.902
880.938 643.602
896.056 615.398
4
607.381 1417.97
577.01 1407.89
624.259 1265.53
654.63 1275.61
4
513.255 1572.08
508.648 1540.41
731.305 1508.02
735.912 1539.69
4
0 0
0 2000
2000 2000
2000 0
