60
15
4
519.201 1638.98
487.243 1640.62
475.699 1415.92
507.657 1414.28
4
1549.59 1569.13
1533.94 1597.04
1337.71 1486.97
1353.36 1459.06
4
1631.81 1647.64
1624.3 1616.53
1915.93 1546.16
1923.44 1577.27
4
531.881 962.843
504.279 979.033
390.439 784.957
418.041 768.767
4
321.762 459.138
315.739 427.71
536.718 385.362
542.741 416.79
4
1851.8 1023.27
1832.59 1048.87
1652.62 913.828
1671.83 888.232
4
1769.88 337.005
1737.89 336.065
1746.7 36.1948
1778.69 37.1345
4
128.74 819.111
116.667 789.475
325.04 704.589
337.113 734.225
4
202.319 734.558
172.441 746.018
91.8611 535.942
121.739 524.482
4
828.246 1287.03
819.71 1256.19
964.274 1216.17
972.81 1247.01
4
1738.79 1356.08
1719.62 1330.46
1959.81 1150.72
1978.98 1176.34
4
1113.38 310.757
1082.95 320.674
989.983 35.443
1020.41 25.5262
4
475.527 620.36
447.764 604.447
559.653 409.24
587.416 425.153
4
1044.26 412.775
1032.63 382.961
1242.26 301.225
1253.89 331.039
4
1415.42 395.2
1407.67 364.152
1698.74 291.5
1706.49 322.548
4
0 0
0 2000
2000 2000
2000 0
