30
15
4
1824.65 762.435
1822.59 794.369
1523.21 775.065
1525.27 743.131
4
984.75 1053.82
981.45 1021.99
1205.25 998.784
1208.55 1030.61
4
1143.88 959.88
1112 962.584
1099.32 813.12
1131.2 810.416
4
137.849 732.899
123.346 704.375
323.911 602.401
338.414 630.925
4
189.538 1098.05
157.642 1095.48
181.782 796.449
213.678 799.024
4
719.101 849.364
692.548 831.505
776.259 707.036
802.812 724.895
4
1254.25 462.406
1245.44 493.17
957.03 410.594
965.838 379.83
4
1830.16 1170.01
1801.75 1155.3
1870.72 1022.09
1899.13 1036.8
4
324.405 1132.13
321.164 1163.96
171.935 1148.77
175.176 1116.94
4
383.759 1619.14
352.437 1612.59
383.141 1465.76
414.463 1472.31
4
787.303 601.578
779.426 570.562
1070.2 496.722
1078.07 527.738
4
1945.08 1589.06
1913.4 1593.53
1881.96 1370.74
1913.64 1366.27
4
1507.87 1059.69
1483.36 1039.12
1676.21 809.314
1700.72 829.884
4
1388.13 961.064
1359.08 974.486
1264.71 770.236
1293.76 756.814
4
1472.37 337.835
1452.08 362.574
1278.13 219.865
1298.42 195.126
4
0 0
0 2000
2000 2000
2000 0
-1
10
3
14
5
4
-2
2
9
6
11
15
-3
12
13
8
1
7
-4
