60
15
4
1518.74 1308.29
1489.88 1294.45
1554.76 1159.21
1583.62 1173.05
4
1535.44 325.696
1527.23 356.623
1382.26 318.104
1390.47 287.177
4
715.733 1284.73
695.788 1309.75
461.187 1122.77
481.132 1097.75
4
827.375 924.727
824.835 892.828
1049.13 874.973
1051.66 906.872
4
1211.43 1334.19
1192.03 1359.64
953.487 1177.71
972.893 1152.26
4
372.752 1161.24
352.078 1185.67
237.588 1088.76
258.262 1064.33
4
788.456 1479.03
760.658 1463.17
834.964 1332.87
862.762 1348.73
4
1852.49 170.039
1843.81 200.842
1627.23 139.861
1635.91 109.058
4
1634.15 1266.01
1623.15 1235.96
1904.85 1132.79
1915.85 1162.84
4
329.153 938.022
311.971 965.018
185.427 884.478
202.609 857.482
4
1347.21 721.113
1317.04 710.453
1416.97 427.587
1447.14 438.247
4
1604.72 1494.14
1589.9 1522.5
1390.5 1418.26
1405.32 1389.9
4
118.987 1662.19
93.4244 1642.94
228.773 1463.21
254.336 1482.46
4
1031.79 1145.18
1005.57 1163.51
876.627 979.125
902.852 960.786
4
1198.19 403.221
1179.42 377.309
1422.35 201.279
1441.12 227.191
4
0 0
0 2000
2000 2000
2000 0
