60
15
4
1878.2 1080.25
1853.67 1100.81
1757.32 985.845
1781.85 965.291
4
318.849 1695.36
287.256 1690.27
323.031 1468.14
354.624 1473.23
4
289.819 1272.42
263.875 1253.69
351.681 1132.08
377.625 1150.81
4
1697.33 968.845
1665.68 973.535
1643.69 825.155
1675.34 820.465
4
1042.39 556.407
1034.89 525.298
1253.63 472.593
1261.13 503.702
4
431.064 1563.82
400.11 1571.93
343.056 1354.28
374.01 1346.17
4
716.217 733.855
715.675 701.86
940.643 698.045
941.185 730.04
4
1529.93 715.692
1497.93 715.607
1498.73 415.608
1530.73 415.693
4
630.743 407.306
608.103 429.92
502.097 323.794
524.737 301.18
4
429.238 340.401
397.388 343.496
382.882 194.199
414.732 191.104
4
309.974 1405.86
286.919 1428.05
130.886 1265.94
153.941 1243.75
4
1760.22 904.569
1728.39 907.844
1713.04 758.631
1744.87 755.356
4
1129.92 1351.47
1110.37 1326.14
1288.46 1188.63
1308.01 1213.96
4
1180.59 1142.62
1155.12 1123.24
1291.37 944.183
1316.84 963.561
4
1026.74 1575.64
1019.07 1544.58
1310.32 1472.66
1317.99 1503.72
4
0 0
0 2000
2000 2000
2000 0
