60
15
4
515.618 1455.62
498.513 1482.66
371.742 1402.48
388.847 1375.44
4
1188.19 1111.29
1167.11 1087.21
1279.97 988.41
1301.05 1012.49
4
168.447 266.766
153.258 294.932
21.2326 223.734
36.4216 195.568
4
1196.52 996.417
1169.74 978.894
1251.88 853.383
1278.66 870.906
4
524.412 453.832
495.908 439.288
598.168 238.868
626.672 253.412
4
799.361 724.669
771.856 741.024
656.859 547.631
684.364 531.276
4
715.494 1496.19
684.79 1505.2
621.406 1289.31
652.11 1280.3
4
597.566 1276.26
571.452 1294.76
441.414 1111.14
467.528 1092.64
4
498.623 1574.41
484.669 1603.21
214.697 1472.39
228.651 1443.59
4
304.891 1085.17
282.552 1062.26
497.349 852.828
519.688 875.739
4
1603.2 1334.4
1584.01 1308.79
1824.08 1128.9
1843.27 1154.51
4
271.454 728.706
263.335 697.754
408.426 659.694
416.545 690.646
4
1000.5 1385.46
993.357 1354.27
1212.68 1304.04
1219.82 1335.23
4
1659.65 1121.92
1645.29 1150.51
1444.25 1049.48
1458.61 1020.89
4
448.912 263.2
438.846 293.575
225.268 222.8
235.334 192.425
4
0 0
0 2000
2000 2000
2000 0
