60
15
4
1751.24 1569.5
1721.56 1557.54
1833.74 1279.3
1863.42 1291.26
4
1747.18 362.521
1715.77 368.676
1658.06 74.2792
1689.47 68.1236
4
1865.15 326.326
1837.78 342.897
1760.11 214.574
1787.48 198.003
4
108.57 777.701
95.0335 748.705
366.87 621.799
380.406 650.795
4
1711.94 907.917
1705.61 939.285
1485.06 894.783
1491.39 863.415
4
1064.81 356.981
1033.73 364.618
980.033 146.119
1011.11 138.482
4
329.156 1256.26
299.403 1268.04
216.584 1058.84
246.337 1047.06
4
1367.84 1080.34
1357.33 1050.11
1640.68 951.562
1651.19 981.786
4
849.102 530.312
818.485 521.008
862.098 377.488
892.715 386.792
4
1346.11 830.224
1339.5 861.535
1192.73 830.576
1199.34 799.265
4
1417.19 1539.91
1386.47 1548.88
1323.43 1332.89
1354.15 1323.92
4
118.688 255.388
86.956 251.255
106.332 102.512
138.064 106.645
4
577.816 1265.78
563.609 1237.11
832.424 1103.92
846.631 1132.59
4
1231.36 1164.45
1207.64 1142.98
1408.94 920.545
1432.66 942.017
4
829.405 1335.01
798.495 1326.73
856.715 1109.39
887.625 1117.67
4
0 0
0 2000
2000 2000
2000 0
