60
15
4
437.331 1382.73
408.966 1367.92
513.109 1168.47
541.474 1183.28
4
1364.27 503.388
1335.21 490.001
1460.71 217.512
1489.77 230.899
4
1678.1 1292.7
1646.31 1288.99
1663.68 1140
1695.47 1143.71
4
1932.16 1111.28
1902.52 1123.34
1817.74 914.922
1847.38 902.864
4
1380.56 1140.1
1348.74 1136.75
1380.2 838.399
1412.02 841.754
4
1793.36 1150.74
1768.75 1171.21
1576.92 940.555
1601.53 920.093
4
1430.26 1334.16
1400.25 1323.06
1478.32 1112.04
1508.33 1123.14
4
877.888 341.687
863.143 370.088
663.452 266.413
678.197 238.012
4
1283.58 436.255
1270.46 465.439
1065.26 373.145
1078.38 343.961
4
1322.68 1240.23
1290.73 1238.57
1306.22 938.974
1338.17 940.626
4
544.897 523.574
536.244 492.766
752.863 431.926
761.516 462.734
4
733.267 1298.09
703.354 1309.45
596.793 1029.01
626.706 1017.65
4
1820.95 1630.97
1789.58 1637.3
1730.21 1343.23
1761.58 1336.9
4
443.606 1436.18
432.951 1406.01
715.834 1306.12
726.489 1336.29
4
1183.3 1094.25
1154.81 1079.69
1291.32 812.549
1319.81 827.111
4
0 0
0 2000
2000 2000
2000 0
