60
15
4
786.992 1335.67
783.222 1367.44
559.788 1340.93
563.558 1309.16
4
1413.82 203.861
1412.69 171.881
1712.5 161.239
1713.63 193.219
4
1256.23 904.234
1226.06 914.903
1126.05 632.066
1156.22 621.397
4
922.586 1418.45
920.337 1450.37
695.894 1434.55
698.143 1402.63
4
627.205 1093.37
596.315 1101.72
537.555 884.533
568.445 876.176
4
1767.94 582.962
1736.69 589.855
1688.22 370.138
1719.47 363.245
4
468.361 1608.07
444.135 1587.16
591.139 1416.83
615.365 1437.74
4
154.189 370.181
123.821 380.269
76.5308 237.919
106.899 227.831
4
1077.13 1620.04
1045.74 1626.25
987.473 1331.96
1018.86 1325.75
4
1004.28 422.298
975.752 436.787
839.916 169.302
868.448 154.813
4
313.852 942.473
300.124 971.378
164.628 907.027
178.356 878.122
4
197.59 875.066
171.36 856.736
343.21 610.834
369.44 629.164
4
1375.13 783.681
1346.15 770.121
1441.49 566.319
1470.47 579.879
4
1619.27 815.214
1593.53 834.23
1504.39 713.586
1530.13 694.57
4
869.46 396.58
840.131 409.379
720.14 134.42
749.469 121.621
4
0 0
0 2000
2000 2000
2000 0
