60
15
4
18.9341 638.835
1.3481 612.1
126.666 529.665
144.252 556.4
4
792.264 1001.94
770.455 978.519
989.996 774.064
1011.8 797.481
4
1968.97 1595.22
1937.17 1598.8
1903.67 1300.68
1935.47 1297.1
4
629.525 449.462
613.66 421.671
874.195 272.938
890.06 300.729
4
1269.05 1531.12
1246.92 1554.24
1084.35 1398.68
1106.48 1375.56
4
760.183 629.412
755.428 597.767
1052.1 553.188
1056.85 584.833
4
1654.18 649.967
1623.8 660.027
1576.64 517.633
1607.02 507.573
4
613.823 1305.91
603.653 1275.57
745.877 1227.89
756.047 1258.23
4
398.805 597.317
387.452 567.399
527.695 514.183
539.048 544.101
4
774.644 263.241
743.6 255.476
779.996 109.959
811.04 117.724
4
1581.5 474.545
1549.53 473.183
1562.3 173.455
1594.27 174.817
4
323.194 1572.72
304.876 1598.95
181.886 1513.08
200.204 1486.85
4
873.126 1403.58
859.571 1432.56
723.694 1369.02
737.249 1340.04
4
304.637 1477.35
273.149 1483.05
246.423 1335.45
277.911 1329.75
4
995.199 988.171
964.484 979.194
1027.6 763.229
1058.32 772.206
4
0 0
0 2000
2000 2000
2000 0
