60
15
4
1773.39 877.512
1749.77 899.102
1648.57 788.388
1672.19 766.798
4
1112.12 1444.31
1082.12 1455.42
977.936 1174.09
1007.94 1162.98
4
42.4511 1534.03
22.4597 1509.04
198.149 1368.47
218.14 1393.46
4
1343.57 441.752
1316.35 424.924
1434.67 233.548
1461.89 250.376
4
640.231 418.198
609.234 410.248
665.129 192.302
696.126 200.252
4
137.652 442.009
113.618 420.882
262.168 251.891
286.202 273.018
4
467.646 1315.53
441.702 1296.8
617.314 1053.57
643.258 1072.3
4
1626.17 677.595
1596.99 690.716
1535.49 553.905
1564.67 540.784
4
1638.74 407.158
1613.38 426.671
1476.18 248.342
1501.54 228.829
4
1721.01 1000.47
1701.54 1025.86
1463.45 843.333
1482.92 817.937
4
93.7664 1066.15
72.7341 1042.03
298.834 844.853
319.866 868.97
4
1277.38 750.887
1254.81 773.565
1042.2 561.913
1064.77 539.235
4
191.448 809.289
177.757 780.366
448.912 652.011
462.603 680.934
4
514.686 632.348
483.951 641.257
421.314 425.152
452.049 416.243
4
1631.6 1583.02
1601.29 1593.27
1553.24 1451.18
1583.55 1440.93
4
0 0
0 2000
2000 2000
2000 0
