60
15
4
153.301 317.886
122.549 326.737
60.3189 110.514
91.0706 101.663
4
1725.44 1612.55
1699.81 1593.39
1789.62 1473.25
1815.25 1492.41
4
1384.01 1131.22
1356.15 1115.48
1466.81 919.578
1494.67 935.316
4
873.061 1539.62
862.539 1509.4
1004.2 1460.08
1014.72 1490.3
4
237.077 1292.54
223.495 1263.56
427.223 1168.06
440.805 1197.04
4
1155.53 923.681
1124 918.216
1149.61 770.419
1181.14 775.884
4
551.053 1649.44
527.86 1627.4
734.547 1409.96
757.74 1432
4
1296.3 1063.35
1266.1 1052.76
1340.58 840.446
1370.78 851.04
4
1366.26 1537.31
1355.18 1507.29
1566.26 1429.39
1577.34 1459.41
4
916.399 606.924
887.376 593.446
982.141 389.376
1011.16 402.854
4
1098.02 1226.65
1066.25 1230.51
1039.16 1007.15
1070.93 1003.29
4
824.156 1107.43
805.944 1133.74
682.604 1048.37
700.816 1022.06
4
553.683 1357.12
534.964 1331.17
778.277 1155.68
796.996 1181.63
4
1995.33 1030.93
1965.58 1042.72
1882.63 833.573
1912.38 821.776
4
1094.62 1373.15
1070.76 1394.48
870.8 1170.85
894.655 1149.52
4
0 0
0 2000
2000 2000
2000 0
