30
15
4
63.1711 909.133
37.2208 890.409
124.989 768.767
150.939 787.491
4
1252.95 1062.5
1224.08 1076.29
1094.75 805.602
1123.62 791.807
4
647.431 863.641
625.077 840.743
732.409 735.959
754.763 758.857
4
902.978 1543.2
880.196 1565.68
669.522 1352.1
692.304 1329.62
4
1731.11 1144.17
1709.7 1120.38
1821.19 1020.03
1842.6 1043.82
4
1430.09 1277.86
1398.1 1277.19
1402.87 1052.24
1434.86 1052.91
4
584.167 1367.73
554.803 1355.01
614.413 1217.37
643.777 1230.09
4
1562.21 395.645
1532.33 407.105
1478.61 267.055
1508.49 255.595
4
967.374 345.682
949.039 371.909
703.166 200.018
721.501 173.791
4
1238.01 315.761
1218.99 290.032
1339.59 200.839
1358.61 226.568
4
244.88 800.805
220.919 822.015
121.5 709.695
145.461 688.485
4
802.899 489.411
786.608 516.954
657.501 440.589
673.792 413.046
4
129.814 1373.38
98.7223 1365.81
169.686 1074.32
200.778 1081.89
4
474.311 1670.52
456.658 1643.83
581.769 1561.08
599.422 1587.77
4
1195.98 568.691
1164.01 567.259
1170.72 417.409
1202.69 418.841
4
0 0
0 2000
2000 2000
2000 0
-1
4
6
5
15
9
-2
14
2
3
1
8
-3
7
13
11
12
10
-4
