60
15
4
868.923 1562.58
841.795 1579.55
682.677 1325.22
709.805 1308.25
4
1718.79 1302.56
1693.35 1283.15
1875.31 1044.64
1900.75 1064.05
4
813.572 531.465
784.374 518.371
907.128 244.635
936.326 257.729
4
428.283 966.586
409.515 940.668
652.497 764.714
671.265 790.632
4
1755.59 1086.64
1726.93 1072.4
1793.67 938.064
1822.33 952.303
4
657.791 1009.38
631.812 990.698
719.389 868.919
745.368 887.602
4
600.781 334.569
578.6 311.503
686.719 207.531
708.9 230.597
4
603.105 643.515
571.432 638.953
592.815 490.485
624.488 495.047
4
184.024 1640.46
162.803 1616.51
275.076 1517.04
296.297 1540.99
4
1056.08 910.587
1030.88 890.875
1123.28 772.713
1148.48 792.425
4
1665.3 946.38
1656.05 915.747
1943.24 829.02
1952.49 859.653
4
487.289 696.711
459.536 680.78
534.211 550.689
561.964 566.62
4
1074.32 1098.21
1055.34 1072.45
1176.1 983.485
1195.08 1009.25
4
1644.46 941.132
1613.25 934.061
1646.4 787.768
1677.61 794.839
4
1544.32 945.551
1517.18 928.603
1636.34 737.749
1663.48 754.697
4
0 0
0 2000
2000 2000
2000 0
