60
15
4
1194.73 1180.34
1177.4 1153.44
1366.53 1031.56
1383.86 1058.46
4
607.371 572.613
594.918 543.136
871.269 426.387
883.722 455.864
4
914.342 1276.52
883.336 1284.43
846.258 1139.08
877.264 1131.17
4
1488.24 1052.61
1456.96 1059.39
1409.32 839.489
1440.6 832.713
4
1328.04 1270.3
1318.26 1300.76
1104.02 1232
1113.8 1201.54
4
1134.46 1065.37
1103.48 1073.37
1047.18 855.533
1078.16 847.525
4
243.765 817.088
220.864 839.438
63.7149 678.412
86.6164 656.062
4
247.182 522.16
220.291 504.814
342.258 315.74
369.149 333.086
4
1451.7 1502.07
1423.17 1487.57
1559.1 1220.13
1587.63 1234.63
4
1635.61 847.779
1615.97 822.512
1852.85 638.421
1872.49 663.688
4
591.333 280.977
589.124 249.053
813.587 233.523
815.796 265.447
4
1174.3 1110.04
1167.15 1141.24
874.724 1074.26
881.868 1043.06
4
1634.46 603.488
1628.78 571.998
1850.2 532.012
1855.88 563.502
4
603.188 636.014
588.747 664.57
321.032 529.186
335.473 500.63
4
149.72 1380.41
144.172 1348.9
291.9 1322.89
297.448 1354.4
4
0 0
0 2000
2000 2000
2000 0
