60
15
4
712.208 957.531
700.902 987.467
420.252 881.469
431.558 851.533
4
1678.74 1368.24
1675.46 1336.41
1973.88 1305.66
1977.16 1337.49
4
1162.13 1054.2
1149.03 1025
1285.89 963.603
1298.99 992.8
4
1411.05 534.434
1380.31 543.333
1296.89 255.166
1327.63 246.267
4
774.097 158.39
769.302 190.029
546.843 156.31
551.638 124.671
4
1139.83 1498.57
1132.69 1529.76
913.367 1479.53
920.512 1448.34
4
1308.26 1601.56
1280.34 1617.2
1207.02 1486.34
1234.94 1470.7
4
414.586 777.007
383.616 785.062
345.854 639.893
376.824 631.838
4
282.63 910.186
260.414 887.156
368.37 783.014
390.586 806.044
4
1744.69 1226.04
1723.86 1250.33
1610.01 1152.66
1630.84 1128.37
4
450.665 1360.5
447.165 1392.31
223.515 1367.7
227.015 1335.89
4
1022.94 292.084
1005.82 265.044
1195.94 144.716
1213.06 171.756
4
1693.1 553.22
1686.12 521.99
1978.9 456.58
1985.88 487.81
4
899.15 563.461
878.163 587.617
764.93 489.239
785.917 465.083
4
1322.97 781.87
1310.69 752.323
1449.19 694.73
1461.47 724.277
4
0 0
0 2000
2000 2000
2000 0
