60
15
4
194.664 550.601
162.665 550.394
164.116 325.399
196.115 325.606
4
1125.29 779.923
1094.78 789.581
1049.51 646.577
1080.02 636.919
4
643.998 863.954
639.95 832.212
863.142 803.746
867.19 835.488
4
1673.75 1216.12
1654.55 1190.53
1894.51 1010.48
1913.71 1036.07
4
1049.93 1324.93
1023.71 1306.59
1109.67 1183.67
1135.89 1202.01
4
1364.15 466.986
1352.6 496.828
1142.77 415.614
1154.32 385.772
4
270.942 1047.48
240.603 1057.65
145.218 773.221
175.557 763.047
4
576.784 1254.36
552.329 1275
358.836 1045.74
383.291 1025.1
4
311.471 652.552
279.576 649.967
303.809 350.948
335.704 353.533
4
1483.22 207.374
1471.11 236.994
1332.26 180.226
1344.37 150.606
4
1593.28 1233.87
1580.89 1263.38
1304.28 1147.23
1316.67 1117.72
4
254.021 709.597
224.604 722.193
165.559 584.303
194.976 571.707
4
993.338 892.053
963.555 903.757
881.262 694.347
911.045 682.643
4
855.75 565.944
826.543 579.018
734.61 373.656
763.817 360.582
4
670.989 1403.79
639.634 1410.18
609.671 1263.21
641.026 1256.82
4
0 0
0 2000
2000 2000
2000 0
