60
15
4
593.691 339.163
580.712 309.913
854.929 188.237
867.908 217.487
4
911.461 1451.75
879.497 1453.28
872.319 1303.45
904.283 1301.92
4
380.631 1366.87
370.147 1336.64
582.729 1262.93
593.213 1293.16
4
625.762 1714.74
601.159 1694.28
697.078 1578.96
721.681 1599.42
4
363.708 1038.47
332.819 1030.11
411.172 740.528
442.061 748.885
4
641.894 1031.94
611.482 1041.9
541.486 828.06
571.898 818.105
4
411.626 550.998
397.024 579.472
196.814 476.802
211.416 448.328
4
1317.3 280.64
1307.2 250.274
1449.54 202.96
1459.64 233.326
4
830.861 1345.48
800.177 1354.56
736.319 1138.82
767.003 1129.74
4
1097.35 1516.7
1091.82 1548.22
944.073 1522.3
949.603 1490.78
4
271.488 882.262
239.682 885.777
214.972 662.138
246.778 658.623
4
179.626 450.297
150.353 463.225
59.4542 257.403
88.7265 244.475
4
207.273 1684.64
175.279 1684.02
179.627 1459.06
211.621 1459.68
4
1731.39 476.327
1708.41 498.59
1551.87 336.973
1574.85 314.71
4
420.273 1249.55
392.691 1265.78
278.607 1071.85
306.189 1055.62
4
0 0
0 2000
2000 2000
2000 0
