30
15
4
117.443 415.061
106.439 385.013
317.717 307.639
328.721 337.687
4
773.986 295.924
742.444 290.529
767.734 142.676
799.276 148.071
4
670.604 1342.34
644.507 1360.86
514.296 1177.36
540.393 1158.84
4
1219.27 994.64
1188.34 986.437
1265.23 696.46
1296.16 704.663
4
1286.48 471.795
1254.76 476.028
1225 253.005
1256.72 248.772
4
543.337 706.18
517.63 687.124
696.283 446.12
721.99 465.176
4
680.529 1560.08
658.95 1536.45
825.091 1384.72
846.67 1408.35
4
1467.74 380.795
1467.33 412.792
1317.34 410.905
1317.75 378.908
4
512.556 1172.5
482.586 1161.28
535.164 1020.8
565.134 1032.02
4
562.156 1617.75
538.369 1596.35
638.704 1484.85
662.491 1506.25
4
1009.81 1222.81
978.072 1226.92
949.153 1003.79
980.888 999.677
4
375.943 1231.31
349.289 1213.6
473.797 1026.19
500.451 1043.9
4
1754.57 633.105
1732.62 609.825
1950.87 403.995
1972.82 427.275
4
1049.7 1532.02
1041.82 1563.03
823.757 1507.58
831.644 1476.57
4
1056.11 1162.56
1028.98 1145.58
1148.33 954.843
1175.46 971.816
4
0 0
0 2000
2000 2000
2000 0
-1
14
10
11
9
4
5
8
1
-2
7
3
15
12
6
13
2
-3
