30
15
4
1236.68 1081.21
1205.18 1075.58
1244.78 854.09
1276.28 859.723
4
690.792 553.281
679.721 523.257
890.828 445.419
901.899 475.443
4
1110.98 393.744
1097.38 422.71
961.601 358.956
975.202 329.99
4
1726.01 1502.29
1709.88 1474.66
1904.19 1361.21
1920.32 1388.84
4
788.225 1152.73
757.976 1163.17
709.035 1021.37
739.284 1010.93
4
1579.55 1204.75
1555.65 1226.02
1455.95 1113.95
1479.85 1092.68
4
106.974 233.928
84.3844 211.263
190.626 105.372
213.216 128.037
4
394.179 690.866
375.779 664.685
498.501 578.434
516.901 604.615
4
1663.46 1565.85
1631.95 1571.44
1579.52 1276.05
1611.03 1270.46
4
749.942 406.066
743.475 437.405
523.118 391.934
529.585 360.595
4
1289.13 1387.22
1267.96 1411.22
1099.23 1262.38
1120.4 1238.38
4
688.221 1548.17
686.905 1516.2
836.779 1510.03
838.095 1542
4
49.8374 1523.11
22.3536 1506.72
99.1826 1377.89
126.666 1394.28
4
1558.16 940.243
1550.32 971.268
1332.18 916.157
1340.02 885.132
4
1958.3 893.532
1935.66 916.154
1723.58 703.968
1746.22 681.346
4
0 0
0 2000
2000 2000
2000 0
-1
12
13
2
-2
11
4
14
3
-3
9
6
8
7
-4
5
1
15
10
-5
