60
15
4
472.936 1651.21
443.947 1637.66
570.984 1365.89
599.973 1379.44
4
105.068 1076.15
86.4871 1050.1
269.672 919.451
288.253 945.504
4
1204.67 1524.09
1181.02 1545.65
1079.95 1434.81
1103.6 1413.25
4
481.971 1196.66
450.313 1201.33
406.529 904.541
438.187 899.871
4
940.81 633.31
912.5 618.392
982.43 485.69
1010.74 500.608
4
1752.86 1376.14
1726.31 1394
1558.9 1145.06
1585.45 1127.2
4
276.843 1800.36
245.322 1794.85
297.017 1499.34
328.538 1504.85
4
1486.51 376.05
1475 346.189
1754.95 238.35
1766.46 268.211
4
858.228 299.401
827.816 309.356
781.152 166.799
811.564 156.844
4
1815.5 1142.62
1804.17 1172.54
1523.62 1066.28
1534.95 1036.36
4
128.212 1539.95
101.084 1522.97
260.208 1268.65
287.336 1285.63
4
1299.53 1623.29
1271.16 1608.49
1409.93 1342.51
1438.3 1357.31
4
1334.11 1282.68
1315.36 1256.74
1558.51 1081.02
1577.26 1106.96
4
12.3725 548.275
8.8428 516.47
157.928 499.925
161.457 531.73
4
1971.98 1731.35
1943.24 1745.41
1811.36 1475.95
1840.1 1461.89
4
0 0
0 2000
2000 2000
2000 0
