60
15
4
879.265 985.799
848.001 992.624
800.015 772.801
831.279 765.976
4
852.61 232.486
841.68 262.562
630.21 185.714
641.14 155.638
4
837.833 731.484
808.589 744.477
686.787 470.316
716.031 457.323
4
1590.76 827.882
1563.09 843.951
1412.44 584.518
1440.11 568.449
4
580.477 1683.9
549.037 1689.86
507.143 1468.8
538.583 1462.84
4
441.859 1341.95
434.186 1373.02
288.561 1337.05
296.234 1305.98
4
157.837 729.845
130.64 712.982
249.203 521.755
276.4 538.618
4
1274.33 469.187
1243.6 460.269
1285.41 316.213
1316.14 325.131
4
1057.14 544.136
1025.68 538.256
1080.8 243.364
1112.26 249.244
4
1292.18 639.935
1276.55 667.858
1080.22 557.965
1095.85 530.042
4
590.795 1197.81
568.862 1174.51
678.085 1071.69
700.018 1094.99
4
1230.1 1412.36
1204.14 1431.08
1028.68 1187.74
1054.64 1169.02
4
402.46 1040.75
370.463 1040.33
372.42 890.348
404.417 890.765
4
1899.82 560.034
1869.09 568.952
1806.38 352.866
1837.11 343.948
4
342.124 548.798
310.331 552.432
293.296 403.402
325.089 399.768
4
0 0
0 2000
2000 2000
2000 0
