100
15
4
1626.62 268.069
1596.58 257.041
1648.28 116.231
1678.32 127.259
4
1103.89 507.721
1073.62 518.104
1000.61 305.279
1030.88 294.896
4
1843.24 1662.23
1811.74 1667.87
1758.84 1372.57
1790.34 1366.93
4
916.988 546.862
908.277 516.07
1052.61 475.238
1061.32 506.03
4
1676.12 523.954
1644.12 524.512
1640.2 299.546
1672.2 298.988
4
211.416 1709.15
188.515 1686.8
293.284 1579.45
316.185 1601.8
4
718.199 1529.75
715.809 1497.84
940.181 1481.05
942.571 1512.96
4
650.79 1324.55
644.167 1293.24
937.67 1231.15
944.293 1262.46
4
873.394 1377.53
858.17 1349.39
1122.05 1206.67
1137.27 1234.81
4
625.469 1641.37
607.556 1667.88
421.111 1541.93
439.024 1515.42
4
1680.6 1330.32
1654.82 1311.36
1832.56 1069.68
1858.34 1088.64
4
1788.38 1138.16
1764.57 1159.54
1664.34 1047.94
1688.15 1026.56
4
1492.11 328.768
1480.34 358.523
1201.39 248.132
1213.16 218.377
4
360.706 1037.31
333.573 1054.28
254.0537 927.09
281.1871 910.12
4
807.613 1670.78
784.628 1693.04
628.087 1531.42
651.072 1509.16
4
0 0
0 2000
2000 2000
2000 0
-1
7
6
9
8
11
2
13
5
-2
15
10
3
12
14
4
1
-3
