60
15
4
1056.14 1358.16
1037.99 1384.52
852.662 1256.94
870.807 1230.58
4
1220.64 1556.18
1196.57 1535.09
1344.8 1365.82
1368.87 1386.91
4
1139.17 380.107
1117.98 404.092
893.132 205.493
914.316 181.508
4
1542.08 1189.77
1538.47 1157.97
1836.56 1124.13
1840.17 1155.93
4
315.867 1591.56
285.268 1582.2
351.093 1367.04
381.692 1376.4
4
221.463 1054.31
191.5 1065.54
138.837 925.092
168.8 913.857
4
819.495 1197.34
796.77 1174.81
1007.99 961.763
1030.71 984.292
4
746.77 1612.55
716.23 1622.11
671.45 1478.95
701.99 1469.39
4
873.882 541.54
842.09 537.895
867.718 314.36
899.51 318.005
4
1595.42 1240.57
1594.97 1208.57
1894.94 1204.43
1895.39 1236.43
4
99.3527 1312.23
97.5149 1280.28
247.267 1271.67
249.105 1303.62
4
1029.45 199.692
1011 225.832
888.466 139.308
906.924 113.168
4
785.907 1088.26
753.914 1087.61
756.953 937.641
788.946 938.29
4
104.984 442.005
84.7584 417.208
259.116 274.995
279.342 299.792
4
372.682 1574.89
362.502 1544.55
646.918 1449.11
657.098 1479.45
4
0 0
0 2000
2000 2000
2000 0
