60
15
4
776.794 1430.01
756.976 1404.89
874.746 1311.99
894.564 1337.11
4
345.483 599.549
332.239 570.419
605.337 446.251
618.581 475.381
4
1301.9 437.601
1272.97 451.287
1208.82 315.699
1237.75 302.013
4
459.902 1646.54
445.167 1618.13
578.318 1549.06
593.053 1577.47
4
1008.26 1216.07
991.726 1243.47
799.081 1127.23
815.614 1099.83
4
1464.24 1729.13
1432.55 1724.7
1463.72 1501.87
1495.41 1506.3
4
1177.27 1643.2
1147.69 1655.41
1033.25 1378.1
1062.83 1365.89
4
1645.71 432.625
1639.35 463.987
1345.33 404.375
1351.69 373.013
4
862.905 648.842
831.051 645.787
859.695 347.158
891.549 350.213
4
1390.69 1721.31
1360.16 1730.88
1270.51 1444.59
1301.04 1435.02
4
200.374 1264.95
173.939 1282.98
4.88562 1035.15
31.3211 1017.12
4
1852.79 761.652
1820.79 761.747
1820.35 611.748
1852.35 611.653
4
795.245 333.072
782.321 303.798
988.155 212.928
1001.08 242.202
4
1806.54 1575.48
1780.82 1556.44
1959.32 1315.32
1985.04 1334.36
4
1561.3 1035.53
1529.59 1031.25
1559.7 808.271
1591.41 812.554
4
0 0
0 2000
2000 2000
2000 0
