60
15
4
681.432 1383.1
652.611 1369.2
717.788 1234.1
746.609 1248
4
1501.73 334.346
1487.18 362.847
1286.77 260.554
1301.32 232.053
4
1815.21 1169.24
1808.24 1200.47
1661.85 1167.76
1668.82 1136.53
4
1640.35 730.367
1638.1 698.446
1862.55 682.633
1864.8 714.554
4
1793.07 902.699
1780.25 932.017
1505.39 811.801
1518.21 782.483
4
1243.41 1172.82
1211.56 1169.75
1233.11 945.785
1264.96 948.85
4
376.774 1596.18
345.186 1591.06
393.166 1294.92
424.754 1300.04
4
252.498 625.176
226.79 644.232
48.1422 403.224
73.8498 384.168
4
1338.44 1190.91
1306.61 1194.2
1291.22 1044.99
1323.05 1041.7
4
1104.74 573.186
1076.83 557.526
1150.24 426.714
1178.15 442.374
4
304.731 280.633
278.576 299.07
105.729 53.8673
131.884 35.4304
4
1513.22 232.443
1503.02 262.774
1218.66 167.157
1228.86 136.826
4
540.352 390.729
528.047 361.19
735.748 274.671
748.053 304.21
4
483.844 1500.56
453.658 1489.93
553.236 1206.94
583.422 1217.57
4
213.499 851.321
205.215 820.412
350.101 781.579
358.385 812.488
4
0 0
0 2000
2000 2000
2000 0
