30
20
4
645.274 410.112
618.125 427.051
538.726 299.788
565.875 282.849
4
975.525 356.746
947.828 340.719
1098.07 81.0543
1125.77 97.0806
4
1021.51 1611.41
991.7 1599.78
1100.73 1320.29
1130.54 1331.92
4
232.65 1307.34
200.708 1309.26
187.19 1084.66
219.132 1082.74
4
1234.99 929.614
1219.14 901.813
1414.61 790.386
1430.46 818.187
4
473.016 334.284
447.839 314.533
540.424 196.516
565.601 216.267
4
1336.78 1176.23
1306.28 1166.56
1374.26 952.074
1404.76 961.743
4
1785.74 1205.48
1759.1 1223.21
1676.02 1098.32
1702.66 1080.59
4
823.883 1429.12
792.361 1434.64
766.517 1286.88
798.039 1281.36
4
1058.66 446.897
1039.16 421.526
1277.02 238.703
1296.52 264.074
4
389.496 1105.3
382.676 1074.04
675.784 1010.1
682.604 1041.36
4
597.483 1449.99
565.5 1448.92
570.517 1299.01
602.5 1300.08
4
1586.4 1478.26
1558.77 1494.42
1483.04 1364.94
1510.67 1348.78
4
1000.82 972.022
985.355 1000.04
722.702 855.078
738.165 827.062
4
1040.15 1160.95
1035.86 1192.66
887.212 1172.55
891.501 1140.84
4
596.574 1733.38
573.984 1710.71
680.226 1604.82
702.816 1627.49
4
1354.51 1530.77
1323.86 1539.96
1259.25 1324.43
1289.9 1315.24
4
1624.55 323.897
1608.43 296.252
1738.01 220.703
1754.13 248.348
4
450.532 686.773
418.723 683.288
443.228 459.627
475.037 463.112
4
1032.55 1708.89
1025.1 1677.77
1170.97 1642.81
1178.42 1673.93
4
0 0
0 2000
2000 2000
2000 0
-1
20
9
15
11
5
1
18
-2
3
17
13
14
8
10
6
-3
16
12
7
4
19
2
-4
