20
4
671.761 1609.58
660.052 1579.8
869.449 1497.48
881.158 1527.26
4
1293.54 1396.6
1278.62 1424.91
1079.58 1319.98
1094.5 1291.68
4
870.801 459.076
863.461 490.223
571.46 421.409
578.8 390.262
4
1102.67 1207.59
1075.03 1191.47
1188.39 997.112
1216.03 1013.23
4
1464.42 1281.99
1432.58 1278.78
1462.73 980.294
1494.56 983.509
4
402.665 552.833
382.893 577.995
205.978 438.976
225.75 413.815
4
1563.94 1060.3
1544.73 1034.71
1784.63 854.583
1803.85 880.173
4
685.562 1472.63
658.552 1455.47
738.991 1328.86
766.001 1346.02
4
1076.38 725.307
1065.75 755.491
782.775 655.865
793.401 625.681
4
1080.5 948.894
1067.92 919.471
1205.83 860.49
1218.42 889.913
4
1400.87 1312.73
1379.47 1336.52
1267.96 1236.2
1289.36 1212.41
4
488.289 879.893
456.973 873.313
503.237 653.121
534.553 659.701
4
1043.88 1166.48
1022.31 1190.13
800.671 987.953
822.236 964.311
4
999.095 559.679
994.946 527.949
1143.68 508.504
1147.83 540.234
4
478.379 1745.34
451.692 1727.68
617.233 1477.49
643.92 1495.15
4
1652.28 367.15
1625.14 350.194
1704.63 222.983
1731.77 239.939
4
1680.97 779.55
1649.21 775.615
1686.1 477.891
1717.85 481.826
4
585.812 1065.8
574.046 1095.56
295.06 985.253
306.826 955.495
4
1771.43 1399.49
1759.18 1369.93
1967.04 1283.8
1979.29 1313.36
4
264.549 1678.02
254.151 1647.76
466.941 1574.65
477.339 1604.91
7 3 9 10 0 5 14 16 6 12 18 2 15 4 19 1 8 11 13 17
7 14 19 3 8 10 9 5 1 0 16 11 6 13 12 18 2 15 4 17