30
20
4
976.656 234.777
964.48 264.37
687.044 150.223
699.22 120.63
4
891.031 1166.57
863.404 1182.72
749.869 988.467
777.496 972.319
4
1202.39 883.389
1180.33 860.212
1343.29 705.071
1365.35 728.248
4
1407.83 1376.6
1378.17 1388.62
1293.65 1180.1
1323.31 1168.08
4
1582.55 1556.62
1550.66 1559.22
1538.45 1409.72
1570.34 1407.12
4
515.613 1761.06
507.105 1730.22
724.007 1670.4
732.515 1701.24
4
894.396 353.963
889.61 385.603
592.984 340.737
597.77 309.097
4
610.642 633.225
592.646 606.764
778.698 480.235
796.694 506.696
4
559.417 114.073
544.708 85.6536
677.923 16.7071
692.632 45.1264
4
480.978 815.471
471.563 846.054
184.842 757.789
194.257 727.206
4
1913.14 1895.94
1883.27 1907.42
1802.56 1697.4
1832.43 1685.92
4
505.247 1463.33
482.85 1440.47
643.553 1282.99
665.95 1305.85
4
991.35 1346.48
984.549 1377.74
764.69 1329.92
771.491 1298.66
4
1589.46 1059.16
1573.52 1031.41
1833.64 881.943
1849.58 909.689
4
104.431 1829.93
102.895 1797.96
402.549 1783.55
404.085 1815.52
4
1910.1 1660.45
1879.4 1669.46
1837.14 1525.53
1867.84 1516.52
4
632.883 662.59
621.07 692.33
342.257 581.59
354.07 551.85
4
309.426 1204.32
294.344 1176.1
558.934 1034.7
574.016 1062.92
4
504.327 505.718
493.89 535.968
281.193 462.582
291.63 432.332
4
1268.53 651.524
1268.14 619.526
1418.13 617.736
1418.52 649.734
4
0 0
0 2000
2000 2000
2000 0
-1
6
15
13
5
4
12
2
11
16
18
14
3
10
17
20
8
19
7
1
9
-2
