30
20
4
817.381 874.244
788.412 887.84
692.819 684.156
721.788 670.56
4
926.368 919.967
894.411 921.629
878.832 622.033
910.789 620.371
4
1326.53 1105.24
1313.61 1075.96
1519.47 985.159
1532.39 1014.44
4
625.374 563.639
603.397 540.379
712.426 437.361
734.403 460.621
4
1330.4 642.936
1306.51 664.228
1156.8 496.264
1180.69 474.972
4
898.12 1152.73
866.555 1157.99
817.28 862.065
848.845 856.809
4
955.563 947.611
944.559 917.563
1155.84 840.189
1166.84 870.237
4
1403.5 1002.05
1398.66 1033.68
1102.1 988.351
1106.94 956.718
4
1473.46 1564.45
1443.7 1576.2
1333.54 1297.15
1363.3 1285.4
4
1608.83 640.105
1599.09 670.586
1384.77 602.095
1394.51 571.614
4
745.03 901.894
725.417 927.179
488.37 743.306
507.983 718.021
4
520.926 1544.9
489.728 1537.78
556.474 1245.3
587.672 1252.42
4
1334.25 728.708
1314.77 754.097
1076.75 571.492
1096.23 546.103
4
581.906 1473.29
562.388 1447.94
740.694 1310.71
760.212 1336.06
4
1079.37 1386.57
1047.7 1391.13
1015.63 1168.43
1047.3 1163.87
4
773.763 691.971
747.453 673.756
832.837 550.429
859.147 568.644
4
1211.22 1227.63
1204.22 1196.41
1350.58 1163.57
1357.58 1194.79
4
927.371 1180.77
919.135 1149.85
1209.03 1072.63
1217.26 1103.55
4
1377.55 838.492
1362.21 810.407
1493.85 738.508
1509.19 766.593
4
1274.67 787.772
1258.13 815.165
1129.73 737.628
1146.27 710.235
4
0 0
0 2000
2000 2000
2000 0
-1
15
17
3
2
20
16
4
-2
9
14
6
7
1
13
10
-3
12
18
8
11
19
5
-4
