30
20
4
262.545 1609.82
231.847 1618.86
147.155 1331.06
177.853 1322.02
4
1322.23 982.894
1306.26 955.163
1436.25 880.306
1452.22 908.037
4
479.059 993.769
463.553 965.777
725.981 820.411
741.487 848.403
4
1334.1 760.023
1330.72 791.844
1181.56 775.997
1184.94 744.176
4
347.178 1293.86
317.659 1306.21
259.742 1167.84
289.261 1155.49
4
1635.25 1469.04
1629.61 1500.54
1481.95 1474.12
1487.59 1442.62
4
334.184 320.552
305.433 306.503
404.216 104.348
432.967 118.397
4
1021.47 1156.35
1013.43 1125.38
1303.81 1049.99
1311.85 1080.96
4
655.977 1613.86
640.401 1585.91
902.463 1439.88
918.039 1467.83
4
1874.18 956.655
1843.87 946.375
1892.06 804.325
1922.37 814.605
4
1335.03 707.702
1328.25 676.429
1621.43 612.858
1628.21 644.131
4
978.356 580.931
950.613 596.878
838.484 401.809
866.227 385.862
4
1696.22 1868.95
1664.85 1875.25
1635.3 1728.19
1666.67 1721.89
4
1849.67 288.239
1821.81 272.492
1932.53 76.6208
1960.39 92.368
4
485.467 1856.86
462.572 1879.22
305.373 1718.24
328.268 1695.88
4
1445.28 333.666
1424.59 358.078
1310.16 261.094
1330.85 236.682
4
1429.21 832.689
1424.29 864.309
1276.07 841.271
1280.99 809.651
4
317.853 725.344
310.944 694.099
457.407 661.716
464.316 692.961
4
200.966 1708.82
190.065 1678.73
331.094 1627.64
341.995 1657.73
4
1435.3 584.05
1414.88 559.419
1645.8 367.91
1666.22 392.541
4
0 0
0 2000
2000 2000
2000 0
-1
9
15
13
6
19
1
8
5
2
3
17
4
11
10
12
18
20
16
7
14
-2
