30
20
4
643.172 646.733
636.991 678.13
416.228 634.667
422.409 603.27
4
1396.13 861.336
1368.52 845.171
1520.07 586.264
1547.68 602.429
4
1354.02 1149.48
1324.94 1136.12
1450.18 863.517
1479.26 876.876
4
638.18 577.402
627.354 607.515
415.62 531.398
426.446 501.285
4
761.973 1052.24
730.108 1049.3
757.627 750.565
789.492 753.5
4
645.228 739.525
617.719 723.178
770.972 465.275
798.481 481.622
4
1046.68 1268.78
1045.53 1300.76
745.723 1290.02
746.869 1258.04
4
997.284 993.178
982.558 964.768
1182.32 861.222
1197.04 889.632
4
978.764 811.406
956.706 834.589
848.036 731.194
870.094 708.011
4
1394.52 769.348
1362.52 769.041
1364.68 544.052
1396.68 544.359
4
823.493 611.871
798.737 591.594
941.307 417.529
966.063 437.806
4
633.01 1122.55
615.114 1149.08
428.59 1023.25
446.486 996.72
4
1451.33 1128.38
1420.17 1121.09
1471.47 902.015
1502.63 909.311
4
620.456 606.331
611.089 636.93
395.944 571.069
405.311 540.47
4
1137.49 1575.61
1106.03 1581.43
1065.11 1360.19
1096.57 1354.37
4
1431.95 615.76
1402.98 602.182
1498.45 398.44
1527.42 412.018
4
1514.55 1448.38
1503.7 1478.49
1221.45 1376.82
1232.3 1346.71
4
566.972 1040.78
540.525 1022.76
709.428 774.824
735.875 792.841
4
1332.81 604.479
1318.17 632.935
1184.79 564.321
1199.43 535.865
4
1317.26 855.879
1285.89 862.182
1256.34 715.121
1287.71 708.818
4
0 0
0 2000
2000 2000
2000 0
-1
15
7
12
5
18
20
10
1
19
14
-2
17
3
13
8
9
2
6
11
16
4
-3
