30
20
4
815.645 491.598
783.661 490.588
788.395 340.662
820.379 341.672
4
1218.34 312.671
1194.33 333.828
1095.16 221.289
1119.17 200.132
4
1061.76 563.459
1032.44 550.641
1092.52 413.201
1121.84 426.019
4
1232.58 892.746
1202.4 903.376
1127.66 691.154
1157.84 680.524
4
384.868 1948.8
372.441 1978.29
234.212 1920.04
246.639 1890.55
4
1935.46 1308
1903.77 1303.52
1935.28 1080.74
1966.97 1085.22
4
609.295 617.055
590.356 591.261
711.265 502.485
730.204 528.279
4
142.103 1964.61
110.335 1960.76
146.377 1662.93
178.145 1666.78
4
1391.4 1516.73
1386.38 1548.33
1164.16 1513.07
1169.18 1481.47
4
1728.74 735.235
1722.84 766.685
1501.7 725.165
1507.6 693.715
4
623.035 1158.69
612.087 1128.62
893.985 1025.99
904.933 1056.06
4
1534.69 1158.6
1518.11 1131.23
1710.57 1014.68
1727.15 1042.05
4
378.782 770.345
353.244 751.063
488.818 571.495
514.356 590.777
4
460.69 276.225
450.664 245.836
593.11 198.835
603.136 229.224
4
429.227 538.638
398.633 529.257
464.593 314.142
495.187 323.523
4
1943.8 857.176
1925.74 883.591
1801.92 798.924
1819.98 772.509
4
1794.55 1830.72
1791.63 1862.58
1492.89 1835.2
1495.81 1803.34
4
1143.52 1295.86
1130.17 1266.78
1266.5 1204.22
1279.85 1233.3
4
300.223 261.953
288.757 291.828
78.6968 211.207
90.1629 181.332
4
1074.42 1627.65
1047.16 1644.4
929.378 1452.69
956.644 1435.94
4
0 0
0 2000
2000 2000
2000 0
-1
20
17
9
5
18
8
11
12
4
6
10
13
3
7
16
1
15
2
14
19
-2
