30
20
4
1329.95 1493.49
1300.47 1481.06
1387.87 1273.73
1417.35 1286.16
4
1679.22 1449.77
1664.88 1421.16
1798.98 1353.93
1813.32 1382.54
4
1806.04 468.878
1786.69 494.365
1667.22 403.662
1686.57 378.175
4
1492.66 773.066
1487.09 741.555
1634.8 715.454
1640.37 746.965
4
1580.79 1316.77
1551.48 1303.94
1641.67 1097.81
1670.98 1110.64
4
1749.02 648.18
1717.61 654.306
1688.9 507.08
1720.31 500.954
4
470.878 112.217
466.581 80.5074
615.222 60.3625
619.519 92.0726
4
1359.21 327.229
1332.74 345.22
1248.41 221.171
1274.88 203.18
4
1671.75 1563.87
1666.36 1532.33
1888.15 1494.43
1893.54 1525.97
4
1025.64 1320.93
994.717 1312.71
1033.26 1167.75
1064.18 1175.97
4
162.885 460.623
162.563 428.624
312.555 427.117
312.877 459.116
4
921.213 851.032
898.659 828.332
1005.07 722.608
1027.62 745.308
4
878.473 1107.32
848.783 1119.25
792.827 980.083
822.517 968.145
4
1471.17 1410.86
1463.15 1379.89
1753.57 1304.68
1761.59 1335.65
4
195.598 1154.72
165.317 1165.07
116.822 1023.12
147.103 1012.77
4
1093.24 1124.35
1061.97 1117.57
1109.68 897.686
1140.95 904.472
4
942.599 900.823
941.795 868.833
1241.7 861.297
1242.5 893.287
4
1759.34 339.686
1727.63 335.433
1767.5 38.0942
1799.21 42.3473
4
1977 829.574
1959.86 856.597
1769.86 736.086
1787 709.063
4
1363.49 374.529
1346.45 401.616
1092.51 241.891
1109.55 214.804
4
0 0
0 2000
2000 2000
2000 0
