30
20
4
908.971 1523.17
884.388 1502.68
1028.43 1329.83
1053.01 1350.32
4
842.091 1136.58
838.472 1104.79
987.509 1087.82
991.128 1119.61
4
667.41 794.706
650.441 767.575
904.79 608.494
921.759 635.625
4
917.963 902.334
910.145 933.364
619.237 860.066
627.055 829.036
4
594.374 816.128
574.249 841.008
457.626 746.672
477.751 721.792
4
1025.62 975.311
1000.81 995.517
811.377 762.889
836.191 742.683
4
1566.74 1162.4
1563.05 1194.19
1265.06 1159.6
1268.75 1127.81
4
1320.85 1111.69
1289.34 1117.27
1250.15 895.706
1281.66 890.133
4
670.191 1368.03
638.464 1363.85
667.809 1140.77
699.536 1144.95
4
1399.32 511.385
1397.26 543.319
1097.88 524.015
1099.94 492.081
4
1114.11 1605.84
1082.94 1598.61
1150.69 1306.36
1181.86 1313.59
4
755.62 662.729
725.17 672.569
655.98 458.471
686.43 448.631
4
1506.89 901.468
1494.39 930.926
1356.31 872.332
1368.81 842.874
4
1015.76 686.586
1011.57 654.861
1234.64 625.414
1238.83 657.139
4
602.923 1321.05
573.196 1332.9
517.677 1193.55
547.404 1181.7
4
1511.93 712.71
1493.24 738.687
1371.47 651.09
1390.16 625.113
4
610.94 1110.06
580.074 1101.62
619.66 956.936
650.526 965.381
4
808.514 1057.25
796.06 1086.73
657.886 1028.35
670.34 998.873
4
487.657 605.444
477.974 574.944
620.943 529.556
630.626 560.056
4
1073.19 890.139
1056.15 863.051
1246.61 743.261
1263.65 770.349
4
0 0
0 2000
2000 2000
2000 0
