30
20
4
1449.49 1744.18
1421.28 1729.08
1527.49 1530.72
1555.7 1545.82
4
153.489 1127.54
122.338 1134.86
53.6715 842.824
84.822 835.5
4
423.504 1588.61
402.267 1612.55
233.956 1463.23
255.193 1439.29
4
1612.91 1284.42
1595.79 1257.39
1785.87 1137
1802.99 1164.03
4
675.858 1411.36
660.264 1383.42
856.742 1273.78
872.336 1301.72
4
1934.85 1897.22
1926.84 1928.2
1781.61 1890.68
1789.62 1859.7
4
1300.59 754.266
1272.36 769.325
1201.77 636.974
1230 621.915
4
282.464 975.509
273.473 1006.22
129.516 964.071
138.507 933.361
4
1180.22 651.658
1148.31 649.363
1164.44 424.942
1196.35 427.237
4
993.532 1379.21
971.431 1356.07
1134.15 1200.67
1156.25 1223.81
4
1591.05 1791.03
1567.21 1769.68
1717.29 1602.05
1741.13 1623.4
4
1794.36 493.834
1787.38 525.063
1494.6 459.646
1501.58 428.417
4
964.964 1166.21
945.622 1191.71
766.376 1055.71
785.718 1030.21
4
918.375 461.235
910.664 492.292
765.085 456.145
772.796 425.088
4
1179.18 884.021
1174.96 915.741
951.923 886.079
956.141 854.359
4
1413.38 401.126
1381.41 402.527
1368.28 102.814
1400.25 101.413
4
994.331 1248.15
979.649 1219.71
1246.21 1082.07
1260.89 1110.51
4
1566.62 1238.76
1564.06 1270.66
1414.54 1258.66
1417.1 1226.76
4
1079.82 1565.18
1051.48 1550.31
1121.2 1417.5
1149.54 1432.37
4
220.332 1334.39
194.125 1352.75
108.048 1229.91
134.255 1211.55
4
0 0
0 2000
2000 2000
2000 0
