30
20
4
801.618 1389.09
773.731 1404.79
663.382 1208.71
691.269 1193.01
4
592.65 1305.67
560.693 1307.33
552.95 1157.53
584.907 1155.87
4
1293.86 728.116
1289.02 759.749
1140.74 737.084
1145.58 705.451
4
872.781 1505.01
840.798 1506.06
833.419 1281.19
865.402 1280.14
4
558.537 1490.65
526.707 1493.95
511.263 1344.75
543.093 1341.45
4
660.688 808.163
630.139 798.638
697.112 583.837
727.661 593.362
4
661.546 1299.48
630.534 1307.37
575.054 1089.32
606.066 1081.43
4
1053.47 1403.09
1030.57 1380.74
1187.73 1219.71
1210.63 1242.06
4
984.364 942.563
965.24 916.907
1145.64 782.437
1164.76 808.093
4
1503.16 1549.59
1488.77 1578.17
1220.84 1443.21
1235.23 1414.63
4
938.667 1505.86
922.126 1478.47
1050.53 1400.94
1067.07 1428.33
4
1282.82 650.165
1260.07 627.657
1365.58 521.035
1388.33 543.543
4
1450.93 1191.56
1419.64 1184.87
1466.67 964.84
1497.96 971.528
4
1335.08 936.92
1303.78 943.588
1272.52 796.88
1303.82 790.212
4
953.653 1024.42
947.442 1055.81
653.147 997.582
659.358 966.191
4
1210.27 1000.77
1205.95 1032.47
1057.33 1012.23
1061.65 980.526
4
1217.02 1176.43
1206.91 1146.07
1420.38 1074.97
1430.49 1105.33
4
901.576 1009.7
892.961 978.88
1037.42 938.501
1046.04 969.32
4
1101.96 621.329
1087.42 592.822
1221.04 524.671
1235.58 553.178
4
1078.7 1167.38
1049.21 1179.82
990.904 1041.62
1020.39 1029.18
4
0 0
0 2000
2000 2000
2000 0
