30
25
4
983.817 668.337
954.802 681.832
891.543 545.823
920.558 532.328
4
237.272 414.27
208.139 427.509
115.048 222.67
144.181 209.431
4
1663.59 1432.18
1656.64 1463.42
1510.23 1430.8
1517.18 1399.56
4
674.85 1302.21
643.463 1295.97
672.69 1148.85
704.077 1155.09
4
1011.9 1453.37
980.654 1460.3
948.204 1313.85
979.446 1306.92
4
1596.78 1953.35
1581.06 1981.22
1319.78 1833.79
1335.5 1805.92
4
106.383 1815.76
79.8857 1797.82
206.037 1611.52
232.534 1629.46
4
496.662 251.046
491.926 282.694
343.578 260.494
348.314 228.846
4
799.287 717.357
787.316 747.034
578.653 662.863
590.624 633.186
4
410.084 1847.83
379.455 1857.1
292.596 1569.95
323.225 1560.68
4
1511.58 536.586
1492.42 562.212
1372.3 472.374
1391.46 446.748
4
1548.4 773.988
1521.67 791.578
1439.22 666.272
1465.95 648.682
4
1848.37 1822.68
1816.41 1824.38
1800.45 1524.8
1832.41 1523.1
4
524.033 664.91
503.451 640.407
618.307 543.93
638.889 568.433
4
1041.55 735.701
1010.04 741.244
958.068 445.779
989.585 440.236
4
512.393 210.265
503.933 241.126
214.607 161.815
223.067 130.954
4
1718.1 1763.3
1694.43 1784.83
1492.58 1562.9
1516.25 1541.37
4
1964.73 1107.17
1934.01 1116.16
1849.77 828.228
1880.49 819.242
4
1194.47 421.231
1188.72 389.753
1483.83 335.789
1489.58 367.267
4
1418.96 885.807
1398.02 910.003
1171.18 713.673
1192.12 689.477
4
1799.99 677.308
1792.03 708.304
1574.09 652.372
1582.05 621.376
4
1653.8 181.017
1646.24 212.112
1354.72 141.283
1362.28 110.188
4
1714.54 347.519
1696.72 374.097
1572.14 290.561
1589.96 263.983
4
41.5703 1595.39
12.8458 1581.28
112.01 1379.31
140.734 1393.42
4
593.204 395.869
591.296 363.926
815.896 350.511
817.804 382.454
4
0 0
0 2000
2000 2000
2000 0
-1
6
5
10
17
3
4
13
7
24
20
15
9
18
1
12
14
21
11
19
25
2
23
8
16
22
-2
-1
6
17
13
20
18
14
19
23
22
-2
5
3
7
15
1
21
25
8
-3
10
4
24
9
12
11
2
16
-4
-1
4
2
3
11
19
21
15
1
-2
12
7
20
5
25
22
9
8
-3
6
10
14
17
13
18
24
23
16
-4
