30
25
4
474.04 146.51
451.795 123.507
559.62 19.2301
581.865 42.2328
4
327.437 413.727
317.61 383.274
460.363 337.213
470.19 367.666
4
271.017 1329.84
239.66 1336.22
209.743 1189.24
241.1 1182.86
4
393.815 1569.19
391.435 1601.1
92.2655 1578.79
94.6454 1546.88
4
1726.95 1822.1
1704.61 1845.01
1489.81 1635.58
1512.15 1612.67
4
1137.51 1098.63
1134.82 1066.74
1284.29 1054.13
1286.98 1086.02
4
1459.7 462.333
1427.78 464.466
1412.78 239.967
1444.7 237.834
4
1507.38 714.694
1494.6 744.029
1288.34 654.126
1301.12 624.791
4
691.179 431.658
688.52 399.769
838.001 387.302
840.66 419.191
4
1909.78 1122.07
1880.54 1135.07
1819.6 998.01
1848.84 985.009
4
607.335 911.771
578.909 926.466
441.145 659.969
469.571 645.274
4
1772.79 909.354
1750.56 932.37
1534.79 723.946
1557.02 700.93
4
531.279 735.87
513.734 709.108
639.181 626.87
656.726 653.632
4
454.962 284.618
437.074 311.151
312.698 227.302
330.586 200.769
4
526.481 999.876
496.4 1010.79
445.239 869.784
475.32 858.87
4
1896.92 425.241
1868.68 410.19
1939.24 277.819
1967.48 292.87
4
1572.15 430.768
1540.19 432.4
1528.71 207.692
1560.67 206.06
4
1449.92 1925.3
1425.65 1904.44
1572.28 1733.78
1596.55 1754.64
4
1263.04 1498.3
1231.79 1491.42
1264.02 1344.92
1295.27 1351.8
4
1602.43 1138.2
1592.05 1168.47
1450.17 1119.82
1460.55 1089.55
4
830.42 1486.28
800.002 1476.34
846.58 1333.76
876.998 1343.7
4
806.166 47.4437
803.215 79.3074
653.854 65.4763
656.805 33.6126
4
1585.93 997.532
1585.64 1029.53
1360.65 1027.55
1360.94 995.549
4
449.859 1603.02
428.986 1578.76
656.381 1383.08
677.254 1407.34
4
153.319 1159.9
123.197 1149.1
224.461 866.703
254.583 877.505
4
0 0
0 2000
2000 2000
2000 0
-1
18
19
24
6
20
15
25
12
8
9
2
14
22
-2
21
5
4
3
23
11
10
13
7
17
16
1
-3
