30
25
4
520.438 376.638
494.117 394.836
366.162 209.762
392.483 191.564
4
1717.72 771.696
1697.28 796.314
1581.88 700.484
1602.32 675.866
4
707.686 692.221
690.836 719.426
435.794 561.459
452.644 534.254
4
1416.71 1659.39
1384.79 1657.19
1400.29 1432.73
1432.21 1434.93
4
1070.08 1260.35
1040.64 1247.8
1158.3 971.833
1187.74 984.384
4
1760.43 398.208
1747.93 427.666
1609.85 369.072
1622.35 339.614
4
150.257 528.611
122.665 512.403
198.643 383.069
226.235 399.277
4
511.357 1161.79
480.152 1154.7
546.623 862.153
577.828 869.243
4
96.0723 1451.37
79.9464 1423.74
209.508 1348.15
225.634 1375.78
4
1388.73 672.023
1366.87 648.654
1585.97 443.717
1607.83 467.086
4
1960.21 1486.07
1936.26 1507.3
1787.03 1338.91
1810.98 1317.68
4
717.576 348.733
698.881 374.703
577.144 287.067
595.839 261.097
4
785.835 534.166
772.508 563.259
499.765 438.314
513.092 409.221
4
1607.92 904.783
1601.86 873.362
1822.78 830.737
1828.84 862.158
4
246.192 1870.17
229.729 1842.73
422.668 1726.97
439.131 1754.41
4
1165.84 745.087
1137.54 760.023
1032.52 561.033
1060.82 546.097
4
305.93 1474
274.439 1479.68
234.49 1258.26
265.981 1252.58
4
1802.3 478.166
1775.04 461.406
1892.88 269.734
1920.14 286.494
4
292.615 513.85
260.629 514.809
253.885 289.91
285.871 288.951
4
1318.92 304.319
1289.09 292.755
1370.4 82.9608
1400.23 94.5249
4
456.78 1902.7
430.402 1884.59
515.32 1760.94
541.698 1779.05
4
1193.51 729.319
1161.54 730.629
1149.25 430.881
1181.22 429.571
4
1029.49 676.173
1009.04 700.785
835.988 556.987
856.44 532.375
4
561.099 350.31
529.123 351.561
517.401 51.7897
549.377 50.5394
4
139.064 1780.08
108.699 1769.99
203.376 1485.32
233.741 1495.41
4
0 0
0 2000
2000 2000
2000 0
-1
21
4
15
5
17
25
8
9
11
14
23
16
22
3
10
2
13
19
12
1
24
7
18
20
6
-2
