25
4
1045.63 915.875
1013.66 914.313
1024.65 689.582
1056.61 691.144
4
534.144 397.669
511.447 420.226
405.708 313.834
428.405 291.277
4
1022.9 1601.6
992.868 1612.64
915.198 1401.47
945.231 1390.43
4
1664.42 415.233
1642.14 438.208
1480.6 281.585
1502.88 258.611
4
1172.94 461.321
1159.38 490.304
1023.52 426.72
1037.09 397.738
4
567.588 1331.74
563.709 1299.97
712.603 1281.79
716.482 1313.55
4
895.705 1140.02
868.195 1156.36
714.948 898.457
742.458 882.111
4
1342.05 764.205
1335.66 795.558
1115.2 750.572
1121.6 719.218
4
1109.37 1307.95
1083.81 1288.69
1174.08 1168.89
1199.64 1188.15
4
714.817 1749.07
682.87 1747.23
695.759 1522.6
727.706 1524.44
4
347.669 507.767
318.892 521.761
253.293 386.866
282.071 372.871
4
775.082 1141.2
751.867 1163.22
648.628 1054.4
671.843 1032.38
4
1368.82 1450.91
1356.82 1421.24
1565.38 1336.82
1577.38 1366.48
4
153.575 1506.99
127.707 1525.83
39.408 1404.57
65.2761 1385.74
4
1135.94 246.646
1134.07 214.701
1283.82 205.945
1285.69 237.891
4
666.73 553.86
642.038 533.506
832.86 302.017
857.552 322.372
4
439.029 1349.07
409.859 1335.92
471.537 1199.18
500.707 1212.34
4
1047.22 512.687
1023.41 534.069
873.07 366.67
896.878 345.288
4
984.927 979.003
955.107 990.613
873.472 780.945
903.292 769.335
4
1440.03 1181.9
1414.78 1162.23
1599.13 925.562
1624.38 945.226
4
465.645 1672.35
437.505 1687.58
366.083 1555.68
394.223 1540.44
4
403.801 773.185
384.676 798.841
204.283 664.367
223.408 638.711
4
432.696 1545.73
421.241 1515.85
561.299 1462.15
572.755 1492.03
4
1050.96 1467.94
1023.23 1483.9
948.432 1353.88
976.17 1337.92
4
580.451 1672.75
552.062 1657.98
690.501 1391.84
718.89 1406.6
2 9 12 19 3 20 23 6 8 18 0 7 17 4 14 24 5 11 15 1 21 22 13 16 10
2 9 23 20 24 22 12 5 8 6 11 16 19 13 18 0 7 21 17 15 10 4 1 3 14 