30
25
4
1726.92 156.273
1697.11 144.634
1751.66 4.90736
1781.47 16.5464
4
1334.52 1253.74
1319.99 1282.25
1052.7 1146.02
1067.23 1117.51
4
1383 133.814
1378.34 165.473
1229.94 143.646
1234.6 111.987
4
1853.16 1609.91
1845.66 1641.01
1626.94 1588.23
1634.44 1557.13
4
362.851 829.042
330.867 828.022
335.649 678.098
367.633 679.118
4
1806.74 1485.57
1782.21 1465.01
1878.56 1350.05
1903.09 1370.61
4
1180.92 1563.11
1151.86 1549.71
1214.66 1413.49
1243.72 1426.89
4
274.465 1691.23
260.043 1662.66
460.895 1561.25
475.317 1589.82
4
1384.89 618.786
1360.46 639.456
1215.13 467.694
1239.56 447.024
4
1603.47 1150.32
1583.53 1175.35
1466.23 1081.86
1486.17 1056.83
4
1775.13 678.358
1752.4 700.88
1646.83 594.322
1669.56 571.8
4
649.719 608.611
639.998 578.124
925.821 486.989
935.542 517.476
4
1677.36 289.694
1663.77 260.724
1935.36 133.306
1948.95 162.276
4
1937.61 1984.36
1906.28 1977.84
1952.13 1757.56
1983.46 1764.08
4
560.606 340.009
529.261 346.45
468.874 52.5909
500.219 46.1496
4
903.368 881.732
872.524 890.254
792.632 601.088
823.476 592.566
4
1489.07 989.055
1464.07 969.083
1651.31 734.685
1676.31 754.657
4
978.381 995.44
960.728 968.749
1085.84 886
1103.49 912.691
4
713.376 1479.89
685.658 1495.88
535.744 1236.03
563.462 1220.04
4
1453.21 776.098
1421.81 769.912
1450.81 622.742
1482.21 628.928
4
72.7397 1311.31
49.3531 1289.46
254.12 1070.21
277.507 1092.06
4
1530.92 1449.72
1530.43 1481.71
1305.46 1478.24
1305.95 1446.25
4
719.141 1282.25
709.736 1251.66
924.799 1185.53
934.204 1216.12
4
1320.21 945.691
1307.55 975.077
1032.05 856.329
1044.71 826.943
4
1583.9 562.579
1562.24 539.025
1727.86 386.721
1749.52 410.275
4
0 0
0 2000
2000 2000
2000 0
