30
25
4
264.641 737.764
233.156 732.042
286.799 436.876
318.284 442.598
4
1266.59 858.887
1244.81 882.331
1079.97 729.193
1101.75 705.749
4
1969.62 1337.1
1942.03 1353.3
1790.16 1094.58
1817.75 1078.38
4
1391.62 842.994
1378.9 813.631
1585.36 724.186
1598.08 753.549
4
437.436 1415.2
437.174 1447.2
137.184 1444.74
137.446 1412.74
4
743.958 1089.76
713.002 1097.86
637.022 807.643
667.978 799.538
4
1063.18 626.418
1034.65 640.907
898.816 373.422
927.348 358.933
4
228.203 550.261
215.693 579.715
8.59744 491.759
21.1068 462.305
4
457.154 1319.31
425.318 1316.08
448.066 1092.23
479.902 1095.46
4
1796.54 1840.46
1764.55 1839.44
1771.72 1614.56
1803.71 1615.58
4
1333.32 88.5199
1332.84 120.516
1107.86 117.12
1108.34 85.1237
4
1823.46 394.858
1791.57 392.213
1810.16 167.982
1842.05 170.627
4
1358.52 1361.18
1339.12 1386.63
1160.18 1250.24
1179.58 1224.79
4
821.432 1033.55
790.003 1039.56
733.588 744.915
765.017 738.897
4
1769.55 999.427
1745.53 1020.56
1596.93 851.613
1620.95 830.479
4
1737.49 868.438
1706.36 861.045
1775.67 569.162
1806.8 576.555
4
346.318 1254.1
344.66 1286.05
194.862 1278.28
196.52 1246.33
4
393.921 1714.74
379.292 1743.2
179.179 1640.34
193.808 1611.88
4
577.535 1394.56
550.612 1377.26
631.685 1251.06
658.608 1268.36
4
280.604 304.224
257.293 282.302
411.436 118.396
434.747 140.318
4
98.6803 922.374
67.985 913.33
110.38 769.446
141.075 778.49
4
966.611 1317.47
940.3 1335.68
812.229 1150.69
838.54 1132.48
4
1302.97 1237.75
1287.34 1265.67
1156.45 1192.41
1172.08 1164.49
4
1705.39 303.201
1673.57 299.896
1696.81 76.0991
1728.63 79.4044
4
281.906 1826.01
253.995 1841.66
107.274 1579.99
135.185 1564.34
4
0 0
0 2000
2000 2000
2000 0
