30
30
4
295.13 859.339
263.137 859.997
256.97 560.061
288.963 559.403
4
653.08 713.695
621.08 713.499
622.92 413.505
654.92 413.701
4
348.205 473.945
322.666 493.226
187.095 313.655
212.634 294.374
4
1433.66 1430.31
1409.92 1408.86
1560.74 1241.89
1584.48 1263.34
4
581.153 512.03
549.623 506.565
588.047 284.87
619.577 290.335
4
900.291 1256.66
876.808 1234.92
978.709 1124.84
1002.19 1146.58
4
611.791 1309.18
592.115 1283.95
710.409 1191.72
730.085 1216.95
4
1324.37 1300.4
1305.01 1325.88
1066.13 1144.4
1085.49 1118.92
4
559.679 713.146
533.912 732.121
356.021 490.554
381.788 471.579
4
792.112 811.039
770.481 787.457
936.288 635.361
957.919 658.943
4
668.533 910.358
641.571 893.122
722.367 766.742
749.329 783.978
4
65.9939 1274.36
44.2738 1250.86
209.506 1098.14
231.226 1121.64
4
995.339 987.343
963.772 982.097
1012.96 686.157
1044.53 691.403
4
1202.64 1178.75
1174.12 1164.23
1242.16 1030.55
1270.68 1045.07
4
273.002 1094.29
252.908 1119.19
77.7978 977.91
97.8915 953.006
4
1035.44 1409.29
1003.92 1403.75
1029.86 1256.01
1061.38 1261.55
4
297.522 479.734
284.736 509.069
78.4779 419.166
91.2641 389.831
4
454.209 1449.73
451.309 1417.86
600.691 1404.27
603.591 1436.14
4
524.701 336.671
518.155 367.995
224.499 306.629
231.045 275.305
4
490.826 307.276
475.718 279.068
740.174 137.424
755.282 165.632
4
1489.07 952.938
1457.66 959.024
1429.13 811.762
1460.54 805.676
4
1557.7 581.074
1556.55 613.054
1331.7 604.926
1332.85 572.946
4
1241.18 252.242
1222.78 226.061
1468.22 53.5584
1486.62 79.7392
4
773.297 465.984
753.297 490.965
636.203 397.216
656.203 372.235
4
132.037 227.871
115.737 200.333
309.363 85.7293
325.663 113.267
4
1150.54 1420.63
1129.71 1396.34
1243.56 1298.67
1264.39 1322.96
4
605.753 1387.51
574.331 1393.57
517.547 1098.99
548.969 1092.93
4
563.283 1010.17
547.812 982.153
679.117 909.635
694.588 937.647
4
858.312 608.499
853.03 640.06
705.088 615.301
710.37 583.74
4
1335.56 964.21
1310.86 943.864
1406.24 828.09
1430.94 848.436
4
0 0
0 1600
1600 1600
1600 0
