30
30
4
297.07 1572.24
276.65 1547.6
507.63 1356.16
528.05 1380.8
4
310.829 831.671
287.096 853.135
85.8706 630.629
109.604 609.165
4
246.368 1467.48
226.049 1492.2
52.2317 1349.32
72.5514 1324.6
4
1013.07 1519.28
991.845 1495.34
1216.33 1296.32
1237.56 1320.26
4
981.272 728.129
949.361 725.745
966.128 501.371
998.039 503.755
4
718.443 846.42
687.822 855.714
644.257 712.18
674.878 702.886
4
801.746 1392.57
769.749 1393.02
767.654 1243.03
799.651 1242.58
4
875.683 253.119
854.711 277.288
741.417 178.981
762.389 154.812
4
807.749 1189.93
776.558 1197.08
743.051 1050.87
774.242 1043.72
4
1343.4 244.319
1342.02 276.289
1042.3 263.381
1043.68 231.411
4
682.478 1499.42
672.461 1469.03
814.922 1422.08
824.939 1452.47
4
1029.49 174.896
1010.9 200.942
888.808 113.804
907.398 87.7576
4
161.034 502.239
154.056 533.469
7.66589 500.761
14.6437 469.531
4
501.688 1204.94
482.895 1179.04
725.712 1002.86
744.505 1028.76
4
622 1368.65
622 1143.65
654 1143.65
654 1368.65
4
1268.24 515.933
1256.82 545.823
1046.66 465.467
1058.08 435.577
4
293.54 296.409
291.652 264.465
516.26 251.191
518.148 283.135
4
1028.92 1369.9
998.112 1378.54
937.376 1161.9
968.188 1153.26
4
821.587 419.287
796.603 439.282
656.013 263.613
680.997 243.618
4
1269.64 376.339
1264.4 407.906
968.455 358.761
973.697 327.194
4
1416.21 993.226
1385.16 985.5
1457.59 694.374
1488.64 702.1
4
1288.05 1388.72
1265.92 1365.61
1482.55 1158.08
1504.68 1181.19
4
906.581 653.456
874.954 658.325
840.719 435.944
872.346 431.075
4
539.377 883.838
518.065 907.709
350.223 757.862
371.535 733.991
4
156.942 401.175
132.579 380.428
278.458 209.125
302.821 229.872
4
320.61 1286.45
289.394 1293.49
223.39 1000.85
254.606 993.805
4
1369.82 975.507
1342.78 992.616
1182.38 739.093
1209.42 721.984
4
1550.45 1023.91
1518.68 1027.76
1491.65 804.386
1523.42 800.543
4
1549.26 119.665
1537.37 149.375
1258.84 37.9348
1270.73 8.22454
4
728.784 950.518
699.829 964.14
572.116 692.682
601.071 679.06
4
0 0
0 1600
1600 1600
1600 0
