30
30
4
1290.63 762.378
1259.79 753.836
1339.87 464.722
1370.71 473.264
4
172.127 984.231
140.24 981.536
152.873 832.069
184.76 834.764
4
224.673 404.648
220.495 372.922
517.927 333.752
522.105 365.478
4
1302.26 1162.14
1290.75 1192
1010.84 1084.06
1022.35 1054.2
4
1277.47 500.228
1245.53 502.201
1227.03 202.772
1258.97 200.799
4
1335.88 937.66
1317.16 911.712
1560.42 736.14
1579.14 762.088
4
913.439 484.188
897.784 512.097
766.961 438.712
782.616 410.803
4
504.6 1006.9
477.574 1024.03
357.1 834.003
384.126 816.869
4
778.049 1338.06
756.247 1314.63
920.951 1161.34
942.753 1184.77
4
546.454 538.447
514.507 536.604
523.146 386.853
555.093 388.696
4
257.548 283.736
252.395 315.318
104.352 291.164
109.505 259.582
4
1502.77 1232.69
1485.3 1259.5
1359.63 1177.61
1377.1 1150.8
4
1034.98 46.9072
1034.82 78.9068
734.821 77.3928
734.983 45.3932
4
893.036 367.176
883.181 397.621
597.764 305.224
607.619 274.779
4
661.033 570.237
631.37 558.234
715.767 349.663
745.43 361.666
4
315.268 564.339
310.264 595.946
88.032 560.761
93.0361 529.154
4
1082.34 1258.52
1059.57 1281
954.164 1174.28
976.932 1151.8
4
986.614 1400.06
965.711 1375.83
1079.29 1277.84
1100.19 1302.07
4
1222.05 765.444
1218.7 797.268
920.349 765.856
923.7 734.032
4
500.269 1472.62
474.525 1491.63
296.331 1250.28
322.075 1231.27
4
1405.6 544.476
1376.43 531.328
1499.7 257.824
1528.87 270.972
4
1065.34 652.793
1036.22 666.069
911.76 393.107
940.876 379.831
4
452.724 491.633
451.077 523.591
301.276 515.867
302.923 483.909
4
757.05 1104.29
736.055 1128.44
509.65 931.611
530.645 907.461
4
795.695 1574.2
778.226 1547.39
903.905 1465.5
921.374 1492.31
4
1345.82 307.803
1314.84 299.756
1390.28 9.39662
1421.26 17.4435
4
693.998 1422.07
662.016 1423.14
657.002 1273.23
688.984 1272.16
4
1067.67 928.74
1049.61 902.324
1173.43 817.66
1191.49 844.076
4
869.174 1042.18
846.584 1019.51
952.826 913.622
975.416 936.287
4
92.463 1247.98
74.4677 1221.52
322.537 1052.82
340.532 1079.28
4
0 0
0 1600
1600 1600
1600 0
