30
30
4
588.478 245.947
563.375 265.792
377.322 30.4533
402.425 10.6077
4
1389.82 137.111
1383.41 168.463
1089.48 108.389
1095.89 77.0369
4
1463.04 1148.65
1431.14 1151.16
1413.46 926.855
1445.36 924.341
4
354.058 669.272
326.589 685.688
249.642 556.928
277.111 540.512
4
124.492 676.11
92.6258 679.035
65.2082 380.29
97.0742 377.365
4
1469.55 498.37
1438.72 489.79
1499.05 273.03
1529.88 281.61
4
81.5221 1157.86
56.4509 1137.98
242.878 902.936
267.949 922.822
4
1351.38 761.555
1350.01 793.526
1125.22 783.845
1126.59 751.874
4
1001.28 1026.62
989.114 997.021
1197.22 911.481
1209.39 941.079
4
938.062 1329.97
912.872 1310.24
1051.64 1133.13
1076.83 1152.86
4
783.621 272.382
771.389 301.952
632.779 244.618
645.011 215.048
4
1175.42 452.717
1165.81 483.237
879.675 393.083
889.292 362.563
4
357.219 504.018
336.629 528.514
106.981 335.482
127.571 310.986
4
601.486 644.524
569.533 646.256
561.414 496.476
593.367 494.744
4
41.1242 308.323
35.6153 276.8
183.376 250.977
188.885 282.5
4
1252.49 1490.79
1223.25 1477.81
1284.11 1340.71
1313.35 1353.69
4
1441.25 461.423
1413.75 477.786
1260.35 219.977
1287.85 203.614
4
1111.9 1099.96
1100 1070.26
1378.5 958.736
1390.4 988.442
4
390.757 1561.3
364.12 1543.56
447.243 1418.7
473.88 1436.44
4
916.471 1100.12
893.966 1122.87
787.329 1017.38
809.834 994.629
4
596.74 1194.51
565.232 1188.92
604.56 967.385
636.068 972.979
4
1012.42 622.424
999.451 593.17
1136.58 532.376
1149.55 561.63
4
1493.34 1581.26
1461.95 1575.01
1505.86 1354.34
1537.25 1360.59
4
424.125 763.371
410.261 792.211
207.475 694.729
221.339 665.889
4
727.901 615.771
698.394 628.155
582.299 351.529
611.806 339.145
4
927.871 1367.22
925.532 1335.31
1224.73 1313.38
1227.07 1345.29
4
403.671 1071.48
377.442 1053.15
506.329 868.721
532.558 887.052
4
1495.1 731.68
1480.85 760.331
1279.4 660.12
1293.65 631.469
4
494.36 281.766
493.927 313.763
343.94 311.734
344.373 279.737
4
840.92 261.259
822.668 234.975
1007.48 106.641
1025.73 132.925
4
0 0
0 1600
1600 1600
1600 0
