30
30
4
333.984 192.462
321.271 221.828
183.616 162.238
196.329 132.872
4
1492.34 1466.59
1484.7 1497.67
1193.36 1426.11
1201 1395.03
4
427.116 1006.55
396.389 997.611
480.184 709.551
510.911 718.489
4
563.422 1120.13
532.787 1129.37
467.778 913.971
498.413 904.725
4
744.945 1539.67
721.688 1561.65
618.655 1452.63
641.912 1430.65
4
277.289 867.884
247.644 855.834
360.611 577.916
390.256 589.966
4
94.0618 1155.86
63.5573 1165.53
18.2382 1022.54
48.7427 1012.87
4
848.375 996.455
848.223 1028.45
698.225 1027.74
698.377 995.745
4
227.764 477.138
207.569 501.96
33.0361 359.962
53.2314 335.14
4
1068.26 1216.04
1045.49 1193.56
1256.24 980.056
1279.01 1002.54
4
952.895 331.534
922.24 340.712
857.705 125.166
888.36 115.988
4
957.684 512.133
953.346 543.837
656.116 503.167
660.454 471.463
4
616.238 1356.83
594.613 1380.42
428.762 1228.37
450.387 1204.78
4
535.799 915.421
519.009 888.179
774.401 730.779
791.191 758.021
4
1250 211.995
1245.72 180.282
1468.7 150.205
1472.98 181.918
4
1301.13 1096.97
1279.44 1073.44
1444.87 920.931
1466.56 944.458
4
953.51 897.315
926.329 914.203
807.59 723.085
834.771 706.197
4
196.434 769.677
165.126 763.057
211.666 542.923
242.974 549.543
4
774.83 726.972
747.879 744.225
626.57 554.728
653.521 537.475
4
548.886 1207.37
522.204 1189.7
605.014 1064.63
631.696 1082.3
4
576.151 1487.84
554.349 1511.26
444.549 1409.06
466.351 1385.64
4
1276.64 303.618
1262.57 332.363
1060.46 233.482
1074.53 204.737
4
773.438 1444.08
742.728 1453.07
700.562 1309.12
731.272 1300.13
4
511.493 111.446
503.869 142.524
212.507 71.0543
220.131 39.9756
4
569.456 391.722
537.463 391.044
540.644 241.078
572.637 241.756
4
697.431 219.188
667.936 231.599
580.669 24.2118
610.164 11.8006
4
39.6424 1412.85
10.4193 1399.81
132.658 1125.85
161.881 1138.89
4
290.28 1268.6
258.282 1268.29
259.72 1118.3
291.718 1118.61
4
1238.88 689.364
1210.77 674.073
1354.12 410.536
1382.23 425.827
4
58.472 1582.58
36.9593 1558.89
203.528 1407.62
225.041 1431.31
4
0 0
0 1600
1600 1600
1600 0
