30
30
4
397.034 153.526
371.508 134.229
461.966 14.5736
487.492 33.8712
4
25.0679 178.607
19.3909 147.115
314.632 93.8926
320.309 125.385
4
1216.97 310.586
1200.12 337.79
1008.83 219.314
1025.68 192.11
4
637.658 1359.27
605.68 1360.47
597.242 1135.63
629.22 1134.43
4
871.675 1001.63
855.246 1029.09
726.525 952.074
742.954 924.614
4
891.649 482.861
884.897 514.14
591.651 450.839
598.403 419.56
4
485.008 302.672
453.393 297.723
476.592 149.528
508.207 154.477
4
1233.22 1388.87
1206.03 1372
1364.28 1117.13
1391.47 1134
4
398.321 901.025
367.009 894.426
428.879 600.875
460.191 607.474
4
1592.23 1390.13
1588.82 1421.95
1439.67 1405.97
1443.08 1374.15
4
906.855 1141.72
888.487 1167.93
704.245 1038.78
722.613 1012.57
4
1463.24 1295.9
1431.54 1300.28
1390.46 1003.1
1422.16 998.722
4
862.909 1462.68
831.465 1468.61
775.791 1173.82
807.235 1167.89
4
499.496 328.668
495.856 360.46
197.804 326.332
201.444 294.54
4
908.288 1554.68
882.993 1535.08
1020.81 1357.22
1046.11 1376.82
4
537.402 203.323
516.475 179.113
686.698 31.9771
707.625 56.1866
4
411.924 527.2
388.163 505.765
538.876 338.7
562.637 360.135
4
1409.2 826.443
1381.9 809.76
1460.1 681.757
1487.4 698.44
4
196.743 746.027
190.366 714.669
337.357 684.773
343.734 716.131
4
352.229 1184.14
342.978 1153.51
558.371 1088.46
567.622 1119.09
4
1212.37 859.12
1180.68 854.688
1222.23 557.58
1253.92 562.012
4
624.365 337.497
593.432 329.304
631.835 184.303
662.768 192.496
4
972.114 420.36
948.239 441.667
748.486 217.84
772.361 196.533
4
518.97 1323.53
499.057 1348.58
322.93 1208.57
342.843 1183.52
4
1380.27 59.513
1379.82 91.5098
1229.83 89.387
1230.28 57.3902
4
861.597 1503.77
854.218 1534.91
562.303 1465.73
569.682 1434.59
4
1344.25 323.032
1325.27 297.274
1566.75 119.268
1585.73 145.026
4
228.637 506.342
216.127 535.796
78.0634 477.158
90.5728 447.704
4
124.637 1429.1
93.9875 1419.9
158.663 1204.4
189.313 1213.6
4
1153.47 636.77
1133.03 661.389
902.23 469.73
922.674 445.111
4
0 0
0 1600
1600 1600
1600 0
