30
30
4
852.453 562.428
835.399 535.351
1089.25 375.472
1106.3 402.549
4
1269.12 549.464
1237.98 556.867
1203.28 410.936
1234.42 403.533
4
858.675 274.284
829.395 287.194
738.625 81.3157
767.905 68.4062
4
394.093 1503.76
393.098 1535.74
168.207 1528.74
169.202 1496.76
4
1212.38 855.475
1180.76 860.373
1146.32 638.025
1177.94 633.127
4
454.262 328.371
423.062 335.48
389.738 189.229
420.938 182.12
4
1357.58 1088.87
1334.96 1111.52
1228.82 1005.53
1251.44 982.882
4
108.437 412.978
77.802 422.224
34.4627 278.622
65.098 269.376
4
283.452 661.326
254.278 648.178
377.548 374.674
406.722 387.822
4
367.293 364.91
353.783 393.918
217.807 330.59
231.317 301.582
4
1219.41 154.906
1205.28 183.619
1003.39 84.2942
1017.52 55.581
4
1518.32 1375.92
1487.59 1384.84
1445.78 1240.78
1476.51 1231.86
4
474.693 958.423
453.128 982.064
342.307 880.977
363.872 857.336
4
32.3381 1378.12
10.9 1354.37
122.262 1253.88
143.7 1277.63
4
1281.84 1200.46
1267.8 1171.71
1537.36 1040.04
1551.4 1068.79
4
1204.79 577.014
1190.87 605.829
1055.81 540.586
1069.73 511.771
4
368.184 1332.73
345.816 1309.85
506.716 1152.57
529.084 1175.45
4
652.781 195.682
628.587 216.627
481.319 46.5178
505.513 25.573
4
898.448 227.189
868.196 237.621
794.852 24.9106
825.104 14.4793
4
347.48 1179.65
340.375 1210.85
194.12 1177.55
201.225 1146.35
4
857.006 764.356
838.222 738.45
1081.09 562.344
1099.88 588.25
4
515.234 1401.83
509.725 1370.31
731.366 1331.57
736.875 1363.09
4
903.588 1126.98
890.692 1097.69
1096.61 1007.02
1109.51 1036.31
4
675.528 1521.92
655.987 1496.58
774.772 1404.98
794.313 1430.32
4
1443.84 1084.2
1419.75 1063.14
1518.46 950.2
1542.55 971.259
4
817.67 435.236
798.328 460.729
678.83 370.064
698.172 344.571
4
428.769 1214.42
398.896 1202.95
506.431 922.882
536.304 934.353
4
256.887 401.103
235.884 425.246
122.713 326.797
143.716 302.654
4
261.366 191.409
231.234 180.635
281.734 39.3915
311.866 50.1647
4
1379.53 156.086
1365.11 127.521
1565.97 26.1138
1580.39 54.6794
4
0 0
0 1600
1600 1600
1600 0
