30
30
4
1394.93 1588.81
1379.27 1560.91
1510.07 1487.49
1525.73 1515.39
4
347.462 1139.32
328.128 1164.82
148.838 1028.88
168.172 1003.38
4
1089.79 338.445
1065.78 359.594
867.506 134.455
891.521 113.306
4
1469.97 634.454
1463.12 665.712
1243.33 617.546
1250.18 586.288
4
962.19 1238.56
950.071 1208.95
1158.31 1123.74
1170.43 1153.35
4
1351.55 1001.25
1331.58 1026.25
1097.15 839.051
1117.12 814.046
4
1115.22 808.732
1086.06 795.556
1209.58 522.168
1238.74 535.344
4
1542.58 1187.42
1539.7 1219.29
1240.92 1192.28
1243.8 1160.41
4
1408.15 1491.89
1403.35 1523.53
1255.05 1501.01
1259.85 1469.37
4
15.3642 1215.62
9.39073 1184.18
230.436 1142.18
236.409 1173.62
4
1402.14 243.342
1373.44 229.202
1472.86 27.3581
1501.56 41.4975
4
815.136 1102.79
788.803 1120.97
660.964 935.813
687.297 917.632
4
31.0746 379.109
27.9446 347.263
177.225 332.591
180.355 364.437
4
191.486 863.205
160.967 853.585
228.614 638.995
259.133 648.615
4
547.637 1203.5
515.953 1199.02
536.963 1050.5
568.647 1054.98
4
243.555 448.473
237.958 416.967
385.645 390.727
391.242 422.233
4
972.815 837.747
941.882 829.554
980.285 684.553
1011.22 692.746
4
345.597 679.118
314.084 673.555
353.203 451.982
384.716 457.545
4
317.815 1584.33
286.452 1590.69
241.785 1370.17
273.148 1363.81
4
633.793 1558.72
607.796 1577.38
476.607 1394.58
502.604 1375.92
4
274.826 342.321
246.057 356.333
180.374 221.479
209.143 207.467
4
741.281 505.427
709.37 503.032
731.819 203.873
763.73 206.268
4
281.179 1380.5
267.724 1351.47
403.821 1288.4
417.276 1317.43
4
527.989 766.962
501.766 748.624
630.711 564.238
656.934 582.576
4
650.95 912.395
636.834 883.677
771.45 817.505
785.566 846.223
4
1058.75 1347.39
1037.83 1371.6
924.347 1273.51
945.273 1249.3
4
483.905 711.004
455.097 724.935
389.795 589.896
418.603 575.965
4
667.787 1462.07
635.853 1460.02
655.013 1160.63
686.947 1162.68
4
1036.14 470.369
1024.69 440.487
1164.76 386.831
1176.21 416.713
4
817.417 1102.11
800.261 1075.1
926.883 994.685
944.039 1021.7
4
0 0
0 1600
1600 1600
1600 0
