30
30
4
253.495 339.892
234.459 314.17
475.605 135.708
494.641 161.43
4
415.138 598.636
388.709 580.595
515.562 394.764
541.991 412.805
4
750.916 1481.66
722.7 1496.76
581.184 1232.24
609.4 1217.14
4
1397.25 352.628
1393.84 384.446
1095.55 352.472
1098.96 320.654
4
505.345 655.154
490.806 626.647
758.055 490.346
772.594 518.853
4
424.052 1431.15
396.907 1448.1
277.748 1257.25
304.893 1240.3
4
1233.74 303.173
1211.83 326.494
1047.86 172.427
1069.77 149.106
4
194.466 357.324
178.969 385.321
47.7335 312.676
63.2311 284.679
4
253.473 1158.51
243.189 1188.81
30.1265 1116.49
40.4114 1086.19
4
463.251 652.012
440.441 629.568
598.249 469.188
621.059 491.632
4
1329.78 1099.17
1311.24 1125.25
1066.72 951.433
1085.26 925.351
4
932.383 438.498
902.671 426.616
986.217 217.702
1015.93 229.584
4
452.217 349.798
424.345 334.077
534.883 138.102
562.755 153.823
4
1543.49 1559.42
1531.18 1588.96
1392.71 1531.28
1405.02 1501.74
4
824.148 510.397
796.546 526.587
720.652 397.203
748.254 381.013
4
864.309 91.5776
856.949 122.72
564.991 53.7224
572.351 22.5802
4
1468.94 1184.63
1437.97 1192.66
1381.46 974.874
1412.43 966.837
4
1363.39 150.69
1331.86 156.183
1306.11 8.41033
1337.64 2.91667
4
514.618 806.042
492.772 782.658
602.382 680.258
624.228 703.642
4
756.479 1060.82
735.04 1084.57
512.321 883.584
533.76 859.828
4
1118.58 1104.59
1091.3 1121.32
934.424 865.61
961.7 848.876
4
1032.1 1514.92
1015.97 1542.55
756.897 1391.28
773.032 1363.65
4
1416.42 301.5
1395.5 277.291
1508.98 179.2
1529.9 203.409
4
1217.57 525.68
1195.04 548.408
1035.23 390.02
1057.76 367.292
4
910.377 555.855
879.824 565.369
812.923 350.545
843.476 341.031
4
150.92 1030.36
136.74 1001.67
405.68 868.74
419.86 897.427
4
566.493 1467.42
546.975 1492.77
428.107 1401.28
447.625 1375.93
4
1437.23 1288.25
1428.66 1319.08
1211.87 1258.85
1220.44 1228.02
4
1060.73 1466.04
1038.27 1488.84
877.971 1330.96
900.426 1308.16
4
1035.17 773.352
1016.97 747.034
1202.03 619.048
1220.23 645.366
4
0 0
0 1600
1600 1600
1600 0
