30
30
4
1161.8 695.733
1147.24 667.236
1414.4 530.767
1428.96 559.264
4
404.419 1386.05
393.906 1355.83
535.581 1306.55
546.094 1336.77
4
316.18 995.239
287.791 980.472
391.62 780.861
420.009 795.628
4
435.319 493.523
413.51 470.105
523.281 367.877
545.09 391.295
4
1316.59 1511.89
1299.38 1538.87
1172.91 1458.21
1190.12 1431.23
4
1552.49 627.93
1525.12 644.518
1369.61 387.97
1396.98 371.382
4
543.049 1459.58
526.914 1431.95
656.451 1356.32
672.586 1383.95
4
535.253 1038.21
515.042 1063.02
398.747 968.286
418.958 943.476
4
240.254 1378.22
214.984 1397.86
76.9459 1220.18
102.216 1200.54
4
879.679 1121.23
861.926 1094.61
1111.52 928.168
1129.27 954.792
4
722.797 158.542
711.312 188.41
501.303 107.658
512.788 77.7898
4
273.568 713.6
250.857 691.056
356.532 584.6
379.243 607.144
4
685.275 784.808
655.448 773.216
764.125 493.592
793.952 505.184
4
1121.33 1355.56
1099.02 1378.5
883.967 1169.34
906.278 1146.4
4
1376.48 1213.89
1362.15 1185.28
1563.32 1084.51
1577.65 1113.12
4
845.1 331.599
841.311 299.825
1139.2 264.301
1142.99 296.075
4
810.722 1135.35
787.049 1113.82
887.978 1002.85
911.651 1024.38
4
1023.42 630.668
991.518 633.172
979.78 483.632
1011.68 481.128
4
1560.35 158.512
1548.15 188.094
1340.15 102.288
1352.35 72.7062
4
345.207 303.244
329.675 275.266
526.393 166.056
541.925 194.034
4
1449.74 415.291
1420.5 402.307
1481.36 265.209
1510.6 278.193
4
221.223 956.382
191.299 967.721
111.577 757.318
141.501 745.979
4
921.57 1537.01
899.231 1514.1
1006.63 1409.39
1028.97 1432.3
4
568.046 609.793
556.112 639.485
277.754 527.607
289.688 497.915
4
847.798 916.009
831.137 888.689
959.202 810.591
975.863 837.911
4
158.276 435.356
137.161 411.312
306.224 262.844
327.339 286.888
4
1154.01 1483.58
1127.39 1465.83
1293.79 1216.22
1320.41 1233.97
4
78.7742 1574.55
60.9121 1548
309.826 1380.55
327.688 1407.1
4
801.792 419.64
795.71 388.224
1016.61 345.46
1022.69 376.876
4
1071.27 532.77
1040.23 525.006
1094.83 306.73
1125.87 314.494
4
0 0
0 1600
1600 1600
1600 0
