30
30
4
741.692 765.196
720.434 741.278
888.608 591.804
909.866 615.722
4
1060.51 901.686
1031.73 915.689
966.093 780.814
994.866 766.811
4
470.11 818.48
441.786 803.588
511.59 670.82
539.914 685.712
4
750.047 1361.58
743.01 1392.79
450.353 1326.82
457.39 1295.61
4
1214.52 1263.29
1202.39 1292.9
994.18 1207.61
1006.31 1178
4
1399.78 220.251
1371.59 205.12
1442.52 72.9486
1470.71 88.0798
4
356.818 932.127
346.705 962.487
62.0817 867.673
72.1951 837.313
4
950.236 1523.87
927.258 1546.14
822.864 1438.43
845.842 1416.16
4
1129.7 808.907
1097.93 805.072
1124.9 581.693
1156.67 585.528
4
1467.71 854.191
1453.27 882.747
1252.49 781.209
1266.93 752.653
4
1098.62 148.328
1078.5 173.208
961.876 78.8717
982.001 53.9923
4
1385.41 651.865
1363.62 675.296
1253.79 573.135
1275.58 549.704
4
179.367 388.744
174.93 357.053
472.033 315.456
476.47 347.147
4
540.47 1276.45
514.799 1257.35
649.13 1076.85
674.801 1095.95
4
1569.45 1167.01
1545.59 1188.34
1445.65 1076.49
1469.51 1055.16
4
1496.11 978.372
1477.26 1004.22
1234.89 827.428
1253.74 801.575
4
421.986 1430.21
398.158 1451.57
197.914 1228.19
221.742 1206.83
4
575.446 733.109
564.028 703.215
704.154 649.691
715.572 679.585
4
1424.01 482.518
1395.79 497.622
1324.99 365.382
1353.21 350.278
4
1175.33 373.354
1169.04 404.729
1021.97 375.246
1028.26 343.871
4
996.509 597.489
973.559 575.189
1078.09 467.611
1101.04 489.911
4
1505.38 1292.78
1476.07 1305.62
1385.82 1099.52
1415.13 1086.68
4
994.1 1021.76
977.636 1049.2
784.7 933.439
801.164 906
4
701.586 402.534
674.576 385.374
755.014 258.766
782.024 275.926
4
862.148 1192.06
851.239 1161.98
992.252 1110.84
1003.16 1140.92
4
1240.62 276.991
1215.21 296.44
1032.88 58.209
1058.29 38.76
4
1347.61 1582.94
1317 1573.62
1382.49 1358.36
1413.1 1367.68
4
82.5589 1304.62
62.8433 1279.41
299.141 1094.58
318.857 1119.79
4
1359.65 1070.97
1340.58 1096.66
1220.15 1007.23
1239.22 981.543
4
56.1949 1074.37
41.5935 1045.9
241.805 943.23
256.406 971.704
4
0 0
0 1600
1600 1600
1600 0
