30
30
4
465.757 456.722
440.836 476.795
346.743 359.978
371.664 339.905
4
1227.85 964.051
1196.03 960.636
1228.05 662.349
1259.87 665.764
4
980.499 1525.27
973.816 1493.98
1267.2 1431.33
1273.88 1462.62
4
248.545 1388.31
219.077 1400.79
131.355 1193.59
160.823 1181.11
4
1171.8 1356.68
1142.84 1343.07
1238.5 1139.42
1267.46 1153.03
4
231.393 102.045
218.203 131.2
13.2067 38.4553
26.397 9.30027
4
637.272 482.2
606.265 474.289
680.428 183.6
711.435 191.511
4
600.908 629.511
599.501 661.48
299.792 648.289
301.199 616.32
4
676.622 1538.28
655.62 1562.42
429.278 1365.52
450.28 1341.38
4
902.115 731.665
875.595 713.757
1043.49 465.135
1070 483.043
4
952.83 1096.3
926.389 1078.28
1095.37 830.397
1121.81 848.421
4
1370.51 433.332
1340.16 443.459
1292.69 301.168
1323.04 291.041
4
129.135 971.783
98.326 963.135
138.865 818.717
169.674 827.365
4
325.047 153.734
312.455 124.315
588.253 6.26629
600.845 35.6847
4
1216.91 344.18
1192.34 323.679
1336.49 150.92
1361.06 171.421
4
480.906 1172.72
479.609 1204.7
254.794 1195.58
256.091 1163.6
4
988.604 1185.29
978.206 1155.02
1191 1081.91
1201.39 1112.18
4
410.281 1097.5
389.105 1121.49
220.419 972.597
241.595 948.606
4
264.866 775.317
247.313 748.56
372.734 666.283
390.287 693.04
4
1071.6 339.76
1041.57 350.835
963.704 139.74
993.727 128.665
4
564.558 462.659
532.663 465.253
508.342 166.241
540.237 163.647
4
825.368 1011.33
798.642 993.729
963.632 743.173
990.358 760.771
4
116.351 1596.75
84.374 1597.95
78.7485 1448.05
110.726 1446.85
4
1400.15 1481.84
1376.65 1460.13
1478.45 1349.96
1501.95 1371.67
4
1101.23 1420.06
1088.17 1449.28
882.768 1357.44
895.83 1328.22
4
250.902 214.466
249.324 246.427
24.598 235.334
26.1756 203.373
4
862.343 1111.09
837.191 1091.31
1022.66 855.508
1047.81 875.291
4
826.285 1461.63
794.387 1464.19
782.415 1314.67
814.313 1312.11
4
500.82 1103.31
471.496 1090.5
591.58 815.587
620.904 828.396
4
1508 794.24
1496.64 824.155
1286.3 744.26
1297.66 714.345
4
0 0
0 1600
1600 1600
1600 0
