30
30
4
740.245 387.055
709.414 395.625
649.155 178.845
679.986 170.275
4
906.859 638.009
874.958 635.495
892.641 411.191
924.542 413.705
4
302.75 1115.7
279.884 1138.09
174.95 1030.9
197.816 1008.51
4
467.125 194.504
442.451 214.881
299.175 41.3961
323.849 21.0191
4
66.3621 1180.07
35.4728 1171.72
94.2379 954.526
125.127 962.884
4
1391.97 1251.56
1360.47 1257.21
1320.73 1035.74
1352.23 1030.09
4
867.816 987.633
840.098 1003.62
690.184 743.767
717.902 727.776
4
188.073 1330.27
182.208 1298.81
477.127 1243.83
482.992 1275.29
4
589.526 1038.47
558.603 1030.24
635.774 740.332
666.697 748.563
4
380.251 1446.59
358.449 1470.01
248.649 1367.81
270.451 1344.39
4
1021.42 950.004
992.678 935.946
1058.58 801.196
1087.32 815.254
4
1282.91 182.766
1277.47 151.232
1425.29 125.734
1430.73 157.268
4
1121 1135.18
1089.47 1129.7
1140.8 834.124
1172.33 839.599
4
961.716 193.809
961.052 225.802
811.084 222.691
811.748 190.698
4
1599.87 346.057
1591.51 376.944
1446.73 337.743
1455.09 306.856
4
765.823 1236.3
745.589 1261.09
513.177 1071.4
533.411 1046.61
4
1151.86 671.148
1121.82 682.176
1018.44 400.552
1048.48 389.524
4
539.051 790.345
531.652 821.478
312.749 769.455
320.148 738.322
4
528.844 540.909
507.028 564.32
287.556 359.791
309.372 336.38
4
1187.81 1226.29
1165.79 1249.5
1002.59 1094.61
1024.61 1071.4
4
115.303 783.689
96.8208 757.566
280.497 627.611
298.979 653.734
4
665.153 647.714
635.478 659.688
579.347 520.586
609.022 508.612
4
449.073 516.906
435.773 546.011
231.127 452.494
244.427 423.389
4
1038.7 817.726
1007.97 826.683
924.005 538.674
954.726 529.717
4
1114.39 191.289
1097.1 164.363
1223.31 83.3108
1240.6 110.237
4
1456.35 306.659
1426.16 296.037
1475.95 154.541
1506.14 165.163
4
596.011 473.447
564.013 473.14
566.889 173.153
598.887 173.46
4
606.835 1479.52
591.558 1451.4
855.165 1308.18
870.442 1336.3
4
1178.72 1274.32
1173.22 1242.8
1320.98 1216.98
1326.48 1248.5
4
857.614 343.11
828.265 355.863
768.486 218.29
797.835 205.537
4
0 0
0 1600
1600 1600
1600 0
