30
30
4
629.915 904.798
617.545 875.286
755.885 817.302
768.255 846.814
4
410.529 1446.49
409.724 1478.48
259.771 1474.71
260.576 1442.72
4
264.724 767.002
253.795 736.926
394.776 685.698
405.705 715.774
4
1532.71 686.885
1501.31 693.031
1443.69 398.615
1475.09 392.469
4
1066.14 984.802
1057.95 953.867
1275.46 896.298
1283.65 927.233
4
747.631 486.353
729.074 512.423
545.769 381.947
564.326 355.877
4
542.035 84.9768
529.943 114.604
391.065 57.9232
403.157 28.2958
4
341.501 1038.82
317.151 1018.06
511.799 789.778
536.149 810.541
4
92.3467 697.871
68.6335 676.384
169.353 565.229
193.066 586.716
4
753.238 1170.21
739.374 1141.37
942.162 1043.89
956.026 1072.73
4
786.062 1028.67
755.61 1018.84
824.738 804.725
855.19 814.557
4
637.839 1461.8
612.994 1481.96
518.461 1365.5
543.306 1345.34
4
813.687 617.117
784.46 604.088
906.613 330.083
935.84 343.112
4
440.59 1324.86
413.808 1342.38
331.71 1216.84
358.492 1199.32
4
924.218 168.017
920.089 136.285
1217.58 97.5826
1221.71 129.315
4
503.237 661.794
493.095 631.444
635.363 583.906
645.505 614.256
4
1172.31 1215.15
1162.85 1245.72
947.894 1179.25
957.348 1148.68
4
788.777 1595.16
777.471 1565.23
1058.12 1459.24
1069.43 1489.17
4
593.095 1171.5
578.952 1142.8
713.505 1076.5
727.648 1105.2
4
462.784 1325.67
453.822 1294.95
741.816 1210.93
750.778 1241.65
4
1051.15 395.87
1020.17 387.853
1076.55 170.03
1107.53 178.047
4
1218.69 1233.41
1215.67 1201.55
1365.01 1187.39
1368.03 1219.25
4
1066.03 693.169
1034.73 686.521
1081.47 466.431
1112.77 473.079
4
902.932 1008.21
870.966 1009.67
857.268 709.987
889.234 708.526
4
1198.59 1403.71
1180.94 1377.02
1368.61 1252.89
1386.26 1279.58
4
953.742 1373.05
922.496 1379.95
873.958 1160.25
905.204 1153.35
4
1191.23 1281.09
1159.96 1274.3
1191.77 1127.71
1223.04 1134.5
4
286.029 374.602
266.463 399.924
29.0712 216.498
48.6367 191.176
4
1307.65 656.657
1281.34 674.872
1195.95 551.543
1222.26 533.328
4
279.287 1347.32
274.223 1378.92
126.113 1355.18
131.177 1323.58
4
0 0
0 1600
1600 1600
1600 0
