30
30
4
1057.59 685.352
1032.51 705.221
892.805 528.848
917.889 508.979
4
361.827 1507.91
338.869 1530.2
234.373 1422.59
257.331 1400.3
4
126.625 466.631
94.6258 466.767
93.6745 241.769
125.674 241.633
4
1231.48 1549.48
1200.29 1542.33
1267.32 1249.92
1298.51 1257.07
4
775.184 922.927
743.311 920.082
763.316 695.973
795.189 698.818
4
1068.16 1022.62
1040.6 1006.36
1154.94 812.576
1182.5 828.837
4
687.561 1445.27
661.716 1464.14
529.039 1282.43
554.884 1263.56
4
1599.68 1407
1571.37 1421.92
1466.42 1222.9
1494.73 1207.98
4
141.835 613.072
111.506 602.868
207.165 318.528
237.494 328.732
4
473.004 492.298
448.102 512.395
306.796 337.302
331.698 317.205
4
1591.24 158.347
1578.22 187.58
1304.16 65.5534
1317.18 36.3202
4
1507.74 470.837
1475.96 474.591
1440.76 176.663
1472.54 172.909
4
1424.01 404.524
1411.55 433.997
1273.39 375.576
1285.85 346.103
4
212.483 659.082
207.807 690.738
59.417 668.818
64.0933 637.162
4
1178.38 1235.01
1177.88 1267.01
877.917 1262.29
878.42 1230.29
4
770.05 1329.43
738.64 1323.32
781.65 1102.47
813.06 1108.58
4
545.976 1596.93
515.65 1586.72
563.524 1444.57
593.85 1454.78
4
842.029 527.313
823.554 501.184
1007.27 371.287
1025.75 397.416
4
469.251 598.312
446.441 575.868
604.249 415.488
627.059 437.932
4
1445.21 533.646
1441.11 565.383
1143.59 526.954
1147.69 495.217
4
1361.98 979.504
1345.19 1006.74
1217.52 927.996
1234.31 900.76
4
620.367 1097.17
605.632 1068.77
871.933 930.625
886.668 959.031
4
1305.91 713.063
1280.63 693.446
1372.59 574.937
1397.87 594.554
4
710.281 943.215
678.303 944.385
672.819 794.485
704.797 793.315
4
1248.63 378.23
1219.98 363.982
1286.77 229.67
1315.42 243.918
4
1596.2 727.362
1568.91 744.069
1490.6 616.138
1517.89 599.431
4
846.1 1592.75
846.1 1367.75
878.1 1367.75
878.1 1592.75
4
599.41 808.58
578.092 784.716
745.89 634.82
767.208 658.684
4
1449.98 1349.5
1419.7 1359.84
1347.02 1146.9
1377.3 1136.56
4
434.623 1133.86
403.539 1126.26
474.777 834.841
505.861 842.44
4
0 0
0 1600
1600 1600
1600 0
