30
30
4
1159.51 1380.27
1133.69 1361.37
1222.29 1240.33
1248.11 1259.23
4
1006.28 1360.81
979.702 1342.99
1063.22 1218.39
1089.8 1236.21
4
100.05 782.376
85.7536 753.747
287.05 653.224
301.346 681.853
4
770.574 1267.82
738.587 1268.72
734.326 1118.78
766.313 1117.88
4
623.061 1025.43
597.259 1006.5
730.339 825.075
756.141 844.002
4
1254.69 259.877
1243.37 229.948
1453.81 150.323
1465.13 180.252
4
1176.78 637.242
1158.84 663.741
1034.62 579.658
1052.56 553.159
4
223.113 1233.23
194.086 1219.77
288.787 1015.67
317.814 1029.13
4
21.3365 1439.7
5.53279 1411.88
135.964 1337.8
151.767 1365.62
4
816.234 241.669
787.514 227.556
853.666 92.9312
882.386 107.044
4
304.173 843.616
301.323 811.743
450.727 798.384
453.577 830.257
4
396.957 1555.44
383.039 1526.62
585.643 1428.76
599.561 1457.58
4
1230.85 969.857
1210.73 944.977
1327.35 850.643
1347.47 875.523
4
968.153 457.694
949.36 483.594
706.547 307.406
725.34 281.506
4
354.659 234.512
347.123 265.612
201.341 230.288
208.877 199.188
4
886.731 1279.38
858.333 1264.63
927.469 1131.52
955.867 1146.27
4
721.677 1244.05
700.689 1268.21
474.223 1071.45
495.211 1047.29
4
788.049 987.152
779.377 956.349
1068.15 875.048
1076.82 905.851
4
573.331 654.097
550.13 676.136
395.169 513.003
418.37 490.964
4
1259.7 683.491
1232.05 699.604
1081 440.409
1108.65 424.296
4
1582.11 806.842
1564.82 833.768
1312.39 671.658
1329.68 644.732
4
1539 533.372
1513.06 552.111
1381.3 369.728
1407.24 350.989
4
273.622 1342.99
254.065 1368.32
75.9776 1230.81
95.5351 1205.48
4
1539.09 1407.95
1521.43 1434.64
1333.81 1310.45
1351.47 1283.76
4
777.581 621.386
746.747 629.947
706.619 485.414
737.453 476.853
4
594.567 399.748
566.695 384.027
677.233 188.052
705.105 203.773
4
384.018 306.186
368.874 277.996
567.082 171.514
582.226 199.704
4
1344.2 963.855
1329.36 935.505
1528.7 831.145
1543.54 859.495
4
1310.06 1259.96
1292.66 1233.11
1418.54 1151.54
1435.94 1178.39
4
1225.01 74.8763
1221.37 43.084
1370.39 26.0237
1374.03 57.816
4
0 0
0 1600
1600 1600
1600 0
