30
30
4
159.749 606.006
136.625 583.887
292.151 421.294
315.275 443.413
4
724.815 627.409
706.554 653.687
521.785 525.291
540.046 499.013
4
153.851 151.92
149.055 183.559
0.749189 161.08
5.54477 129.441
4
775.685 856.269
767.032 887.076
550.415 826.231
559.068 795.424
4
580.609 1250.33
551.349 1263.28
429.891 988.971
459.151 976.015
4
1332.58 1476.71
1315.13 1449.89
1503.72 1327.19
1521.17 1354.01
4
812.359 723.615
782.055 713.335
830.241 571.285
860.545 581.565
4
1411.33 934.541
1388.81 957.276
1175.67 746.159
1198.19 723.424
4
767.506 1035.48
757.669 1065.93
472.194 973.716
482.031 943.266
4
317.846 1005.86
309.202 1036.67
20.3541 955.637
28.9979 924.827
4
1381.3 1113.74
1372.8 1144.59
1155.9 1084.76
1164.4 1053.91
4
878.16 1410.07
857.075 1386
1082.74 1188.33
1103.83 1212.4
4
869.59 1205.45
842.43 1222.37
763.11 1095.05
790.27 1078.13
4
173.972 955.875
152.459 932.186
319.028 780.925
340.541 804.614
4
955.379 395.973
946.582 365.206
1235.02 282.727
1243.82 313.494
4
192.25 729.364
162.982 716.426
253.95 510.636
283.218 523.574
4
403.762 629.977
372.153 624.989
395.538 476.823
427.147 481.811
4
1240.38 732.456
1213.66 714.848
1378.72 464.344
1405.44 481.952
4
105.307 418.587
75.4049 429.981
21.9926 289.813
51.8951 278.419
4
454.049 1165.8
448.648 1197.34
152.951 1146.7
158.352 1115.16
4
1098.64 1022.25
1096.46 1054.18
797.159 1033.75
799.338 1001.82
4
1216.94 1485.34
1201.52 1513.38
1004.36 1404.96
1019.78 1376.92
4
758.867 1544.62
753.536 1576.17
605.633 1551.18
610.964 1519.63
4
1348 488.115
1316.15 485.05
1337.7 261.085
1369.55 264.15
4
90.446 1136.56
62.2779 1121.38
133.454 989.339
161.622 1004.52
4
955.348 1549.62
937.344 1523.17
1061.35 1438.78
1079.36 1465.23
4
358.903 1433.38
357.044 1465.33
207.297 1456.62
209.156 1424.67
4
753.115 1413.83
721.75 1407.49
751.485 1260.47
782.85 1266.81
4
180.215 1535.41
148.856 1541.78
118.985 1394.79
150.344 1388.42
4
1118.09 692.251
1086.23 695.255
1065.11 471.249
1096.97 468.245
4
0 0
0 1600
1600 1600
1600 0
