30
30
4
510.534 1135.8
478.711 1132.45
510.166 834.099
541.989 837.454
4
1326.68 897.855
1306.3 873.191
1537.52 682.045
1557.9 706.709
4
240.57 971.136
231.454 940.462
447.13 876.364
456.246 907.038
4
156.081 371.398
128.199 355.695
275.419 94.3017
303.301 110.005
4
842.19 1568.09
833.479 1598.88
544.81 1517.21
553.521 1486.42
4
457.522 599.473
425.573 601.286
417.078 451.527
449.027 449.714
4
689.789 1088.33
685.601 1056.6
834.311 1036.97
838.499 1068.7
4
49.9837 1424.65
34.9726 1396.38
299.916 1255.65
314.927 1283.92
4
214.412 516.021
186.48 531.636
40.0881 269.779
68.0196 254.164
4
953.198 1040.78
947.462 1009.3
1242.6 955.52
1248.34 987.002
4
759.908 1252.23
751.468 1283.1
462.092 1203.97
470.532 1173.1
4
57.0768 1493.11
39.7518 1466.21
228.923 1344.39
246.248 1371.29
4
665.144 1304.26
659.397 1335.74
438.056 1295.34
443.803 1263.86
4
898.572 1535.09
867.606 1527.02
943.228 1236.71
974.194 1244.78
4
853.657 711.87
847.673 743.305
626.643 701.23
632.627 669.795
4
1190.23 1347.71
1161.4 1361.6
1063.77 1158.89
1092.6 1145
4
1391.16 1275.29
1359.51 1279.98
1315.54 983.215
1347.19 978.525
4
1050.77 701.855
1018.81 703.537
1010.93 553.745
1042.89 552.063
4
78.5251 1134.44
46.5278 1134.85
44.5749 984.865
76.5722 984.448
4
1541.84 303.13
1510.13 298.817
1540.46 75.87
1572.17 80.1829
4
859.028 798.632
831.427 782.441
945.272 588.368
972.873 604.559
4
748.167 1442.41
739.388 1411.64
883.633 1370.49
892.412 1401.26
4
819.695 321.38
818.62 353.362
668.705 348.32
669.78 316.338
4
1113.89 246.4
1105.48 215.525
1250.21 176.1
1258.62 206.975
4
985.628 202.385
958.093 218.688
881.672 89.6151
909.207 73.312
4
1509.4 1564.62
1478.7 1555.6
1563.3 1267.78
1594 1276.8
4
721.793 886.985
704.408 913.851
515.507 791.615
532.892 764.749
4
223.34 576.174
203.145 551.351
435.86 362.026
456.055 386.849
4
742.581 115.053
732.021 84.8456
873.619 35.3469
884.179 65.5544
4
214.591 1055.46
208.342 1024.08
429.009 980.137
435.258 1011.52
4
0 0
0 1600
1600 1600
1600 0
