30
30
4
1238.45 1540.91
1234.02 1509.22
1456.85 1478.09
1461.28 1509.78
4
85.4809 1112.67
68.5207 1085.53
322.919 926.531
339.879 953.667
4
401.378 340.176
390.534 310.069
602.222 233.824
613.066 263.931
4
817.001 1001.88
811.245 970.402
958.799 943.42
964.555 974.898
4
1386.48 584.005
1373.73 554.654
1511.32 494.895
1524.07 524.246
4
868.604 329.502
836.604 329.396
837.596 29.3979
869.596 29.5038
4
1318.64 1010
1293.72 989.925
1434.86 814.701
1459.78 834.775
4
679.901 1562.49
657.894 1585.72
440.099 1379.41
462.106 1356.18
4
915.843 1414.13
894.652 1438.11
782.257 1338.77
803.448 1314.79
4
529.882 1303.63
500.155 1315.47
389.118 1036.77
418.845 1024.93
4
555.073 574.55
532.25 552.121
742.527 338.15
765.35 360.579
4
793.246 566.831
775.837 539.982
1027.55 376.769
1044.96 403.618
4
1302.23 668.192
1273.24 681.742
1177.97 477.908
1206.96 464.358
4
1134.72 371.394
1118.63 343.734
1248.28 268.306
1264.37 295.966
4
1022.07 1333.44
1011.49 1303.24
1294.63 1204.06
1305.21 1234.26
4
1168.66 197.897
1147.31 221.741
1035.54 121.703
1056.89 97.8587
4
1265.2 257.109
1257.12 226.146
1547.4 150.391
1555.48 181.354
4
1013.64 653.186
983.152 643.479
1074.16 357.614
1104.65 367.321
4
44.3229 1184.06
36.6514 1153
182.277 1117.04
189.949 1148.1
4
1162.64 1543.3
1139.81 1565.73
982.158 1405.2
1004.99 1382.77
4
849.561 928.9
834.567 957.169
569.539 816.6
584.533 788.331
4
286.173 402.59
257.803 417.392
153.727 217.91
182.097 203.108
4
1043.57 1082.3
1025.91 1108.99
900.828 1026.2
918.49 999.512
4
602.972 124.272
599.312 92.4819
748.328 75.328
751.988 107.118
4
678.359 277.437
655.007 255.559
808.841 91.3628
832.193 113.241
4
1456.07 979.502
1425.94 968.71
1476.53 827.498
1506.66 838.29
4
893.039 1520.21
872.197 1544.49
644.561 1349.09
665.403 1324.81
4
1081.11 317.818
1070.91 287.487
1213.09 239.682
1223.29 270.013
4
1441.48 334.502
1422.78 308.531
1544.52 220.898
1563.22 246.869
4
412.348 1333.78
388.546 1355.17
238.152 1187.82
261.954 1166.43
4
0 0
0 1600
1600 1600
1600 0
