30
30
4
940.235 445.747
908.25 446.716
899.165 146.853
931.15 145.884
4
1121.27 1316.56
1115.08 1285.17
1335.83 1241.64
1342.02 1273.03
4
1094.73 1305.61
1066.27 1320.23
929.171 1053.39
957.634 1038.77
4
311.929 426.674
306.203 395.19
527.571 354.926
533.297 386.41
4
425.651 304.126
394.707 295.972
471.149 5.8743
502.093 14.0281
4
1282.73 745.242
1254.28 759.893
1151.27 559.858
1179.72 545.207
4
1452.39 990.713
1427.9 1011.31
1283.11 839.087
1307.6 818.494
4
753.653 1079.65
721.928 1075.47
761.147 778.046
792.872 782.229
4
248.643 1333.43
218.773 1344.91
111.157 1064.87
141.027 1053.39
4
673.296 1447.15
666.987 1478.52
446.404 1434.15
452.713 1402.78
4
927.321 712.281
927.069 744.28
627.079 741.919
627.331 709.92
4
147.256 385.255
129.83 358.416
381.444 195.045
398.87 221.884
4
143.79 304.368
111.856 302.314
131.11 2.93237
163.044 4.98613
4
1333.03 570.193
1316.07 543.058
1506.87 423.807
1523.83 450.942
4
1524.08 1527.09
1492.97 1519.62
1563.02 1227.91
1594.13 1235.38
4
418.903 183.272
395.584 205.186
241.497 41.2285
264.816 19.3139
4
369.754 925.431
366.334 893.614
590.046 869.569
593.466 901.386
4
193.841 644.023
167.065 661.546
43.8587 473.277
70.6347 455.754
4
1231.21 763.702
1210.35 787.97
1096.59 690.198
1117.45 665.93
4
663.121 1023.86
632.096 1031.7
558.579 740.845
589.604 733.003
4
877.446 1047.88
871.601 1016.42
1166.55 961.62
1172.4 993.082
4
1010.81 421.233
979.597 414.173
1045.79 121.567
1077 128.627
4
814.336 490.253
806.264 521.218
515.964 445.547
524.036 414.582
4
413.016 1245.47
384.291 1259.58
318.184 1124.93
346.909 1110.82
4
541.794 802.924
513.258 817.404
377.506 549.876
406.042 535.396
4
626.82 1396.35
614.841 1366.68
823.48 1282.45
835.459 1312.12
4
58.4252 1011.04
28.8954 998.707
144.475 721.865
174.005 734.193
4
660.868 1594.22
650.908 1563.81
864.732 1493.78
874.692 1524.19
4
1552.96 57.0889
1544.93 88.0643
1399.74 50.4111
1407.77 19.4357
4
1095.19 642.568
1063.59 637.559
1098.81 415.332
1130.41 420.341
4
0 0
0 1600
1600 1600
1600 0
