30
30
4
1001.55 799.297
975.193 781.156
1102.75 595.803
1129.11 613.944
4
599.925 274.599
568.145 270.855
594.475 47.4006
626.255 51.1453
4
506.096 265.589
489.152 292.735
361.904 213.311
378.848 186.165
4
1537.55 937.924
1518.97 963.976
1396.85 876.876
1415.43 850.824
4
621.041 1086.95
589.057 1085.94
596.159 861.051
628.143 862.061
4
302.283 1436.36
294.689 1467.44
76.1168 1414.04
83.711 1382.96
4
355.634 489.586
326.178 502.089
267.566 364.014
297.022 351.511
4
426.09 96.6526
419.751 128.018
199.21 83.4474
205.549 52.0815
4
1115.64 1335.53
1106.02 1305.01
1392.16 1214.87
1401.78 1245.39
4
827.689 169.412
798.214 156.954
856.611 18.7881
886.086 31.2463
4
1296.92 1077
1267.76 1090.17
1175.18 885.097
1204.34 871.931
4
40.4652 630.696
15.369 610.842
108.435 493.204
133.531 513.058
4
1086.81 910.653
1056.13 901.551
1098.79 757.747
1129.47 766.849
4
937.573 1318.71
919.819 1345.33
670.227 1178.89
687.981 1152.27
4
948.606 972.449
922.585 953.823
1009.89 831.851
1035.91 850.477
4
1423.35 1473.93
1414.26 1504.61
1270.45 1461.97
1279.54 1431.29
4
706.394 1285.05
692.015 1313.64
491.006 1212.55
505.385 1183.96
4
256.845 724.321
240.141 697.027
432.055 579.579
448.759 606.873
4
1361.3 692.066
1346.14 720.245
1148 613.634
1163.16 585.455
4
1112.41 533.05
1093.4 558.79
852.089 380.55
871.101 354.81
4
758.589 467.539
728.986 455.387
842.911 177.861
872.514 190.013
4
175.665 325.696
152.828 303.281
310.435 142.704
333.272 165.119
4
1431.7 780.199
1400.05 784.929
1366.8 562.401
1398.45 557.671
4
1018.14 1259.15
1015.34 1227.27
1164.76 1214.15
1167.56 1246.03
4
1198.14 571.767
1177.47 547.342
1291.96 450.433
1312.63 474.858
4
663.518 1542.49
652.09 1572.38
511.982 1518.81
523.41 1488.92
4
351.575 1435.77
320.593 1443.78
245.525 1153.33
276.507 1145.32
4
265.48 1068.34
251.291 1097.03
49.6197 997.257
63.809 968.575
4
185.167 401.468
173.374 431.215
33.9326 375.932
45.7263 346.185
4
99.171 631.219
87.322 601.494
296.329 518.181
308.178 547.906
4
0 0
0 1600
1600 1600
1600 0
