30
30
4
275.588 168.871
262.738 139.564
400.112 79.3294
412.962 108.636
4
1388.42 1522.17
1360.15 1507.18
1500.68 1242.13
1528.95 1257.12
4
1341.93 698.158
1313.15 684.172
1444.27 414.342
1473.05 428.328
4
310.784 1038.58
282.829 1023.01
428.816 760.922
456.771 776.494
4
1229.41 1405.91
1208.17 1381.97
1432.59 1182.89
1453.83 1206.83
4
232.713 628.756
201.338 635.05
157.087 414.444
188.462 408.15
4
983.473 531.167
964.917 505.097
1209.33 331.133
1227.88 357.203
4
847.452 720.17
842.528 688.551
1064.85 653.93
1069.77 685.549
4
925.452 511.165
897.649 495.322
1009.05 299.835
1036.85 315.678
4
735.408 516.968
722.512 487.682
859.792 427.232
872.688 456.518
4
1303.57 1134.55
1271.74 1137.79
1248.93 913.952
1280.76 910.707
4
750.11 1437.55
737.508 1466.96
530.69 1378.35
543.292 1348.94
4
1157.3 675.762
1127.12 665.112
1202 452.938
1232.18 463.588
4
879.044 911.829
871.1 880.83
1089.06 824.971
1097 855.97
4
525.785 1195.13
494.556 1188.14
560.015 895.373
591.244 902.356
4
698.25 397.716
688.003 428.032
474.85 355.984
485.097 325.668
4
359.443 1539.67
351.898 1570.77
60.3568 1500.03
67.9022 1468.93
4
1272.91 836.191
1245.93 853.393
1165.29 726.909
1192.27 709.707
4
1486.06 943.546
1461.71 964.3
1267.14 735.954
1291.49 715.2
4
1359.85 346.036
1328.12 341.913
1347.45 193.164
1379.18 197.287
4
821.936 1223.04
803.257 1249.02
681.464 1161.46
700.143 1135.48
4
856.578 1288.25
848.341 1319.17
630.922 1261.25
639.159 1230.33
4
825.969 1000.2
823.409 1032.1
599.131 1014.1
601.691 982.2
4
371.057 1156.55
360.014 1186.58
78.443 1083.05
89.4857 1053.02
4
1170.73 1309.8
1155.3 1337.83
892.469 1193.2
907.896 1165.17
4
1211.58 161.458
1180.09 167.15
1153.42 19.5416
1184.91 13.8501
4
991.336 1299.02
979.03 1328.56
840.564 1270.88
852.87 1241.34
4
932.378 100.138
924.268 69.1832
1141.92 12.1615
1150.03 43.1168
4
1143.16 1155.95
1124.99 1182.29
878.041 1011.95
896.211 985.608
4
636.462 1477.99
619.535 1505.15
492.238 1425.81
509.165 1398.65
4
0 0
0 1600
1600 1600
1600 0
