30
30
4
359.131 1515.24
327.766 1508.9
372.369 1288.36
403.734 1294.7
4
1020.1 580.423
1002.12 553.951
1126.2 469.677
1144.18 496.149
4
1038.27 835.476
1007.89 825.415
1078.63 611.824
1109.01 621.885
4
1022.32 683.034
1015.02 714.19
868.978 679.966
876.279 648.81
4
1228.67 1385.72
1196.67 1385.47
1197.83 1235.48
1229.83 1235.73
4
1391.25 780.423
1373.18 754.019
1496.95 669.277
1515.02 695.681
4
443.39 641.331
439.61 673.107
141.71 637.669
145.49 605.893
4
947.009 1300.87
938.947 1269.91
1156.69 1213.23
1164.75 1244.19
4
1506.98 1359.12
1503.42 1390.92
1279.82 1365.88
1283.38 1334.08
4
327.292 1229.57
298.397 1215.82
427.308 944.929
456.203 958.68
4
1256.59 1176.93
1228.36 1161.86
1334.31 963.37
1362.54 978.439
4
757.423 673.361
750.171 704.528
457.977 636.539
465.229 605.372
4
1040.62 355.95
1009.83 347.224
1071.18 130.75
1101.97 139.476
4
508.155 1002.42
478.214 991.129
531.145 850.779
561.086 862.071
4
1291.34 613.207
1262.4 626.866
1166.36 423.393
1195.3 409.734
4
765.2 1328.43
734.075 1335.86
664.4 1044.07
695.525 1036.64
4
894.913 135.296
884.685 165.618
671.487 93.7037
681.715 63.3822
4
1548.07 1241.27
1516.51 1235.95
1541.43 1088.03
1572.99 1093.35
4
213.571 1213.55
187.468 1232.06
13.9294 987.349
40.0321 968.838
4
286.81 620.922
255.588 613.91
304.89 394.378
336.112 401.39
4
59.7703 845.679
47.9493 815.943
326.73 705.121
338.551 734.857
4
962.416 216.392
952.694 246.879
809.784 201.308
819.506 170.821
4
43.9191 1369.29
26.0987 1342.71
212.981 1217.41
230.801 1243.99
4
1243.68 868.335
1216.87 850.862
1339.72 662.365
1366.53 679.838
4
893.864 730.939
874.86 756.684
693.836 623.061
712.84 597.316
4
1268.91 256.796
1244.97 278.02
1045.99 53.5044
1069.93 32.2799
4
1026.09 399.599
1007.17 425.404
886.207 336.701
905.131 310.896
4
889.439 1128.83
865.524 1107.57
1064.86 883.369
1088.78 904.632
4
770.694 929.978
759.313 900.07
899.506 846.722
910.887 876.63
4
1383.24 318.378
1353.49 306.608
1408.66 167.122
1438.41 178.892
4
0 0
0 1600
1600 1600
1600 0
