30
30
4
1480.72 1517.11
1449.1 1522.03
1402.98 1225.59
1434.6 1220.67
4
414.222 264.595
403.643 294.796
262.078 245.205
272.657 215.004
4
1577.83 1027.42
1557.73 1052.32
1382.67 910.98
1402.77 886.081
4
1402.9 793.237
1380.19 770.686
1485.9 664.263
1508.61 686.814
4
1353.96 725.25
1331.04 702.921
1488.04 541.75
1510.96 564.079
4
878.746 1081.49
847.827 1089.74
809.154 944.811
840.073 936.56
4
1291.65 228.074
1276.03 200.145
1406.95 126.926
1422.57 154.855
4
1363.01 945.061
1356.09 976.304
1063.19 911.439
1070.11 880.196
4
1386.15 450.163
1357.52 435.879
1457.95 234.537
1486.58 248.821
4
206.551 1029.32
197.127 998.74
412.149 932.479
421.573 963.06
4
1119.57 433.486
1117.3 401.567
1341.73 385.614
1344 417.533
4
842.571 1444.64
810.978 1439.55
834.829 1291.46
866.422 1296.55
4
1045.51 403.544
1031.62 432.372
896.49 367.256
910.381 338.428
4
1236.77 788.187
1204.93 791.301
1190.33 642.013
1222.17 638.899
4
309.453 1294.61
307.214 1262.69
456.847 1252.19
459.086 1284.11
4
110.486 527.419
95.4391 499.177
294.014 393.381
309.061 421.623
4
1037 1462.69
1005.79 1455.65
1071.8 1163.01
1103.01 1170.05
4
274.115 894.243
256.52 920.972
68.585 797.257
86.18 770.528
4
623.394 1285.01
593.757 1297.08
508.906 1088.69
538.543 1076.62
4
1294.43 526.062
1277.57 553.261
1150.07 474.238
1166.93 447.039
4
111.198 1501.41
79.2141 1500.41
83.9015 1350.49
115.886 1351.49
4
805.327 1187.28
786.235 1212.96
605.673 1078.72
624.765 1053.04
4
1245.44 1178.16
1238.53 1146.91
1531.46 1082.14
1538.37 1113.39
4
1548.47 1589.48
1516.78 1593.88
1485.83 1371.02
1517.52 1366.62
4
592.827 447.499
564.611 462.594
458.473 264.201
486.689 249.106
4
367.013 797.149
343.867 819.246
240.287 710.751
263.433 688.654
4
62.3522 1337.73
57.2595 1306.14
205.348 1282.27
210.44 1313.86
4
732.769 1561.63
719.104 1590.57
447.831 1462.47
461.496 1433.53
4
612.893 1456
581.673 1463.02
532.307 1243.5
563.527 1236.48
4
1416.49 1353.22
1413.28 1385.06
1189.41 1362.48
1192.62 1330.64
4
0 0
0 1600
1600 1600
1600 0
