30
30
4
104.544 637.938
75.4317 651.224
13.1565 514.762
42.2683 501.476
4
1263.95 793.613
1256.39 824.709
1037.75 771.587
1045.31 740.491
4
163.667 240.601
131.679 239.712
137.933 14.7987
169.921 15.6882
4
1448.58 1503.91
1428 1528.41
1255.72 1383.69
1276.3 1359.19
4
634.816 206.111
620.474 234.717
486.384 167.489
500.726 138.883
4
1535.77 1294.62
1506.36 1307.23
1447.23 1169.38
1476.64 1156.77
4
573.937 971.493
573.385 939.498
723.363 936.907
723.915 968.902
4
887.371 601.157
877.966 570.57
1093.03 504.443
1102.43 535.03
4
1511.68 1162.39
1479.99 1157.97
1500.72 1009.41
1532.41 1013.83
4
117.999 559.572
111.316 528.278
404.701 465.628
411.384 496.922
4
941.684 985.11
910.631 992.835
856.316 774.49
887.369 766.765
4
430.431 1242.45
421.768 1273.26
277.369 1232.65
286.032 1201.84
4
696.677 1488.61
667.3 1501.3
607.823 1363.59
637.2 1350.9
4
1029.65 1299.34
997.893 1303.32
969.955 1080.06
1001.71 1076.08
4
690.565 157.771
680.309 188.083
396.135 91.9293
406.391 61.6175
4
481.203 376.244
457.85 398.122
355.297 288.656
378.65 266.778
4
582.172 1567.33
552.689 1579.77
465.228 1372.47
494.711 1360.03
4
1092.97 1438.31
1085.95 1469.53
866.43 1420.19
873.447 1388.97
4
614.256 731.539
584.676 743.746
498.844 535.761
528.424 523.554
4
1289.84 1349.72
1259.85 1338.56
1312.16 1197.98
1342.15 1209.14
4
105.962 370.935
74.308 375.625
30.3376 78.865
61.992 74.1748
4
817.293 109.894
814.622 141.782
590.407 123.006
593.078 91.1177
4
785.409 759.755
756.597 745.833
854.491 543.245
883.303 557.167
4
1233.87 1249.7
1202.05 1253.1
1170.13 954.804
1201.95 951.399
4
822.984 369.35
791.12 372.295
770.416 148.25
802.28 145.305
4
667.826 1077.22
652.567 1105.34
388.874 962.284
404.133 934.157
4
494.574 295.036
470.185 315.752
324.526 144.264
348.915 123.548
4
1146.44 74.6703
1143.38 106.524
844.757 77.8297
847.818 45.9764
4
493.803 1521
464.091 1532.88
408.397 1393.6
438.109 1381.72
4
429.783 895.057
411.762 868.613
535.717 784.143
553.738 810.587
4
0 0
0 1600
1600 1600
1600 0
