30
30
4
1195.27 139.739
1180.29 111.459
1379.13 6.16147
1394.11 34.441
4
117.931 977.176
96.174 953.71
206.169 851.724
227.926 875.19
4
316.429 462.64
284.943 468.351
258.171 320.76
289.657 315.049
4
1475.15 450.801
1450.89 471.67
1304.15 301.099
1328.41 280.23
4
921.37 1503.96
892.266 1490.66
954.63 1354.24
983.734 1367.54
4
1144.46 688.909
1113.85 698.212
1070.24 554.691
1100.85 545.388
4
1241.63 342.368
1217.6 363.495
1118.57 250.832
1142.6 229.705
4
72.9574 1557.82
41.5247 1551.82
69.6426 1404.48
101.075 1410.48
4
1367.23 1324.36
1335.39 1327.58
1320.27 1178.34
1352.11 1175.12
4
1397.95 1148.93
1374.48 1127.18
1476.45 1017.17
1499.92 1038.92
4
177.007 1594.7
161.072 1566.94
356.193 1454.9
372.128 1482.66
4
960.11 217.544
942.398 190.892
1129.79 66.3564
1147.5 93.0077
4
735.433 336.198
707.016 350.91
603.567 151.102
631.984 136.39
4
965.2 1176.93
935.69 1164.56
1022.7 957.065
1052.21 969.44
4
958.568 1530.75
931.234 1514.11
1087.23 1257.85
1114.57 1274.49
4
255.869 1392.36
224.195 1387.81
245.531 1239.34
277.205 1243.89
4
1249.73 1113
1222.19 1096.7
1298.57 967.605
1326.11 983.9
4
1324.74 904.754
1298 887.18
1421.56 699.146
1448.3 716.72
4
872.077 298.391
847.59 318.991
751.023 204.209
775.51 183.609
4
886.42 603.699
866.523 578.637
1101.48 392.101
1121.38 417.163
4
300.896 309.172
270.19 300.166
312.404 156.228
343.11 165.234
4
657.688 935.111
629.625 919.732
701.712 788.189
729.775 803.568
4
1481.77 178.689
1460.75 154.565
1573.83 56.0114
1594.85 80.1353
4
636.719 1042.48
624.553 1072.08
347.081 958.019
359.247 928.422
4
323.604 838.118
298.931 858.495
107.896 627.182
132.569 606.805
4
775.516 1386.08
747.778 1402.04
672.984 1272.02
700.722 1256.06
4
39.3121 1181.42
11.5543 1165.5
86.1879 1035.38
113.946 1051.3
4
1300.14 263.469
1276.99 241.371
1432.36 78.6315
1455.51 100.729
4
1362.86 546.993
1345.89 574.123
1155.14 454.807
1172.11 427.677
4
770.71 696.248
742.007 710.396
675.69 575.852
704.393 561.704
4
0 0
0 1600
1600 1600
1600 0
