30
30
4
374.756 234.523
357.753 261.632
167.144 142.077
184.147 114.968
4
908.641 509.221
876.765 506.406
896.559 282.279
928.435 285.094
4
1354.68 464.277
1350.38 432.567
1499.02 412.423
1503.32 444.133
4
278.685 639.392
252.131 657.25
84.7154 408.308
111.269 390.45
4
86.0163 999.629
85.4335 967.634
385.384 962.171
385.967 994.166
4
317.914 598.266
300.387 571.493
425.886 489.334
443.413 516.107
4
816.424 826.345
791.284 846.144
605.676 610.455
630.816 590.656
4
500.167 619.41
486.077 590.679
755.433 458.59
769.523 487.321
4
1350.82 1358.56
1320.84 1347.37
1373.28 1206.84
1403.26 1218.03
4
1124.87 1095.22
1093.74 1087.79
1128.53 941.884
1159.66 949.307
4
280.896 767.721
253.128 783.624
141.304 588.379
169.072 572.476
4
482.798 1374.55
464.827 1401.03
216.602 1232.55
234.573 1206.07
4
234.99 1518.34
231.7 1486.51
530.11 1455.66
533.4 1487.49
4
1342.35 1491.29
1323.7 1465.29
1567.45 1290.41
1586.1 1316.41
4
1559.17 1534.58
1534.21 1554.61
1440.33 1437.62
1465.29 1417.59
4
1459.45 865.408
1457.38 897.341
1232.85 882.792
1234.92 850.859
4
1145.83 1115.53
1141.51 1147.23
918.57 1116.87
922.888 1085.17
4
1090.5 247.552
1089.96 279.547
790.004 274.548
790.537 242.553
4
773.686 329.716
742.351 336.207
696.714 115.884
728.049 109.393
4
885.91 858.254
856.853 871.658
731.19 599.246
760.247 585.842
4
449.531 1068.85
418.587 1077
380.369 931.952
411.313 923.799
4
41.9535 1351.91
17.7147 1331.01
115.646 1217.39
139.885 1238.29
4
691.539 853.24
673.163 879.437
427.561 707.16
445.937 680.963
4
723.885 1154.55
702.739 1130.53
871.615 981.851
892.761 1005.87
4
631.869 1336.54
603.189 1350.74
470.131 1081.86
498.811 1067.66
4
1287.95 776.993
1278.68 807.621
991.548 720.707
1000.82 690.079
4
402.723 295.511
372.253 285.737
440.977 71.4892
471.447 81.2633
4
820.404 1479.86
793.823 1462.04
919.096 1275.14
945.677 1292.96
4
849.656 1363.86
829.555 1388.76
712.844 1294.54
732.945 1269.64
4
673.375 451.631
641.376 451.767
640.425 226.769
672.424 226.633
4
0 0
0 1600
1600 1600
1600 0
