30
30
4
584.945 220.93
562.785 244.016
346.355 36.2703
368.515 13.1845
4
899.29 505.449
874.946 526.219
728.91 355.051
753.254 334.281
4
1000.2 1153.21
968.216 1154.11
961.896 929.194
993.884 928.295
4
1468.09 1399.23
1442.69 1418.7
1351.41 1299.67
1376.81 1280.2
4
1508.76 1521.07
1479.11 1509.05
1563.64 1300.53
1593.29 1312.55
4
127.933 1425.78
99.9919 1410.18
209.667 1213.72
237.608 1229.32
4
78.3168 425.15
72.0179 393.776
219.083 364.25
225.382 395.624
4
1469.98 267.39
1438.86 259.957
1491.12 41.1104
1522.24 48.5431
4
911.31 374.575
879.845 380.405
825.19 85.4253
856.655 79.5954
4
801.189 865.492
771.893 878.364
651.211 603.708
680.507 590.836
4
1298.11 1380.19
1266.9 1387.25
1217.19 1167.81
1248.4 1160.75
4
450.158 1510.47
420.675 1498.03
508.142 1290.73
537.625 1303.17
4
586.856 868.572
554.863 867.894
558.044 717.928
590.037 718.606
4
508.144 1255
476.153 1254.22
483.456 954.305
515.447 955.084
4
1234.92 434.195
1203.01 431.67
1226.68 132.605
1258.59 135.13
4
1145.89 453.407
1114.45 459.394
1058.31 164.693
1089.75 158.706
4
535.726 1254.98
532.007 1223.19
829.974 1188.32
833.693 1220.11
4
399.518 1490.04
380.757 1515.97
198.482 1384.06
217.243 1358.13
4
1122.9 1506.7
1095.87 1523.83
975.4 1333.8
1002.43 1316.67
4
131.537 657.953
126.236 626.395
274.163 601.547
279.464 633.105
4
969.08 758.198
952.945 730.564
1212.02 579.302
1228.15 606.936
4
480.266 636.185
470.191 666.557
256.634 595.715
266.709 565.343
4
1346.66 1184.69
1318.15 1170.16
1420.34 969.707
1448.85 984.242
4
1572.25 1181.76
1541.68 1191.21
1475.25 976.238
1505.82 966.791
4
892.57 975.28
870.303 952.298
978.03 847.92
1000.3 870.902
4
263.586 1140.77
236.555 1123.65
397.114 870.228
424.145 887.354
4
1513.44 954.889
1483.62 943.278
1565.26 733.611
1595.08 745.222
4
1345.95 949.146
1324.7 973.07
1212.55 873.454
1233.8 849.53
4
1207.63 1544.54
1175.76 1547.37
1162.47 1397.96
1194.34 1395.13
4
465.812 451.603
433.82 452.321
427.088 152.397
459.08 151.679
4
0 0
0 1600
1600 1600
1600 0
