30
30
4
730.935 283.427
716.504 254.866
984.265 119.573
998.696 148.134
4
1527.65 439.318
1509.5 465.67
1262.45 295.482
1280.6 269.13
4
554.332 206.859
552.745 174.899
777.468 163.741
779.055 195.701
4
1143.98 966.607
1112.11 969.421
1092.32 745.293
1124.19 742.479
4
874.12 648.73
856.475 622.034
1044.18 497.97
1061.82 524.666
4
343.129 239.451
314.847 254.421
244.671 121.849
272.953 106.879
4
131.768 936.935
104.899 954.314
23.4321 828.365
50.3013 810.986
4
202.004 330.447
191.872 300.093
405.296 228.853
415.428 259.207
4
1477.11 1357.18
1461.42 1385.08
1265.29 1274.82
1280.98 1246.92
4
876.653 705.281
870.925 736.765
723.347 709.919
729.075 678.435
4
1547.91 355.565
1536.48 385.451
1396.39 331.835
1407.82 301.949
4
1487.96 967.249
1479.52 998.116
1334.84 958.551
1343.28 927.684
4
754.887 1230.13
748.361 1261.46
601.513 1230.87
608.039 1199.54
4
893.511 121.606
873.448 146.536
756.589 52.4935
776.652 27.5637
4
1228.4 839.383
1224.45 807.627
1373.3 789.117
1377.25 820.873
4
27.2059 1423.71
14.531 1394.32
289.994 1275.49
302.669 1304.88
4
930.552 883.165
902.749 867.322
1014.15 671.835
1041.95 687.678
4
1167.72 392.76
1144.08 371.198
1295.68 204.94
1319.32 226.502
4
423.887 630.917
420.057 662.687
122.213 626.783
126.043 595.013
4
238.338 429.293
237.635 397.301
537.562 390.707
538.265 422.699
4
377.57 729.015
376.796 697.024
601.73 691.585
602.504 723.576
4
964.444 915.699
947.551 942.877
756.456 824.101
773.349 796.923
4
1313.01 456.133
1299.2 485
1163.89 420.267
1177.7 391.4
4
66.5827 706.787
36.1243 696.974
105.117 482.813
135.576 492.626
4
963.833 1139.97
944.101 1165.17
766.967 1026.43
786.699 1001.23
4
517.266 544.568
501.751 516.581
764.134 371.132
779.649 399.119
4
802.646 684.104
770.649 683.676
773.654 458.696
805.651 459.124
4
754.859 1004.65
752.699 1036.57
603.041 1026.45
605.201 994.525
4
776.099 392.624
764.185 362.925
903.401 307.076
915.315 336.775
4
1158.34 282.907
1152.55 314.379
931.261 273.693
937.048 242.221
4
0 0
0 1600
1600 1600
1600 0
