30
30
4
1494.75 1153.48
1462.83 1155.75
1446.85 931.321
1478.77 929.048
4
1138.34 1286.93
1107.16 1279.74
1140.86 1133.57
1172.04 1140.76
4
1036.99 1521.74
1005.62 1528.02
946.706 1233.86
978.083 1227.58
4
957.364 734.156
940.54 706.935
1131.94 588.644
1148.76 615.865
4
284.736 1342.49
253.197 1337.08
303.964 1041.41
335.503 1046.82
4
932.779 1159.32
906.463 1177.53
821.121 1054.18
847.437 1035.97
4
1052.16 1571.24
1049.72 1539.33
1348.84 1516.46
1351.28 1548.37
4
533 666.458
504.414 680.84
437 546.842
465.586 532.46
4
1083.01 258.535
1078.02 226.925
1226.19 203.565
1231.18 235.175
4
1022.83 515.183
990.842 516.203
983.675 291.317
1015.66 290.297
4
210.756 1056.42
197.925 1027.1
404.044 936.881
416.875 966.196
4
1330.68 300.416
1307.44 278.413
1513.72 60.5837
1536.96 82.5865
4
338.328 570.264
314.866 548.503
467.872 383.536
491.334 405.297
4
300.668 1464.7
277.301 1486.56
72.3324 1267.5
95.6989 1245.64
4
1055.94 944.914
1024.48 950.734
983.556 729.486
1015.02 723.666
4
528.811 499.442
499.478 486.651
619.389 211.658
648.722 224.449
4
1050.95 1115.16
1019.07 1117.89
1006.25 968.442
1038.13 965.707
4
547.696 597.069
517.272 587.152
587.004 373.231
617.428 383.148
4
176.134 783.588
167.298 752.832
311.466 711.412
320.302 742.168
4
1229.82 993.805
1200.46 981.088
1319.68 705.795
1349.04 718.512
4
507.6 820.2
493.321 791.562
761.8 657.7
776.079 686.338
4
1064.77 342.043
1032.77 342.057
1032.63 42.0574
1064.63 42.0427
4
601.721 1230.89
570.012 1235.19
529.679 937.913
561.388 933.611
4
126.687 732.067
121.357 700.514
343.213 663.033
348.543 694.586
4
948.076 1061.47
930.381 1088.13
680.424 922.233
698.119 895.571
4
922.618 1338.52
918.609 1370.27
695.382 1342.08
699.391 1310.33
4
384.554 1528.47
364.126 1503.84
595.046 1312.33
615.474 1336.96
4
368.061 1375.16
358.752 1405.78
215.239 1362.14
224.548 1331.52
4
676.078 474.787
658.132 448.292
844.422 322.113
862.368 348.608
4
1238.29 1246.97
1223.85 1218.42
1357.71 1150.73
1372.15 1179.28
4
0 0
0 1600
1600 1600
1600 0
