30
35
4
473.501 909.115
465.956 878.017
757.499 807.285
765.044 838.383
4
497.037 799.918
484.909 770.305
750.852 661.382
762.98 690.994
4
480.832 449.691
463.498 476.589
274.368 354.709
291.702 327.811
4
556.424 1205.24
530.639 1224.19
352.976 982.458
378.761 963.507
4
1107.6 1425.4
1083.33 1446.26
936.701 1275.6
960.973 1254.74
4
802.9 1324.84
773.187 1336.72
661.8 1058.16
691.513 1046.28
4
865.408 1001.42
865.227 1033.42
638.355 1032.13
638.537 1000.13
4
348.789 1478.88
321.795 1461.69
482.911 1208.62
509.905 1225.81
4
371.904 1345.22
357.868 1373.98
220.506 1306.93
234.542 1278.18
4
639.17 1501.64
608.768 1511.62
522.429 1248.7
552.832 1238.71
4
1312.02 721.631
1280.02 721.465
1281.58 421.469
1313.58 421.635
4
1241.68 800.429
1209.69 799.851
1214.97 507.324
1246.97 507.902
4
1257.47 916.306
1237.64 941.417
1112.13 842.288
1131.97 817.176
4
459.323 761.339
427.564 765.263
399.977 541.961
431.736 538.037
4
40.7832 208.355
33.7669 177.134
180.117 144.245
187.133 175.466
4
566.679 567.913
548.172 594.018
364.621 463.887
383.128 437.782
4
383.058 571.025
355.595 587.449
252.585 415.201
280.049 398.777
4
1092.03 1451.15
1089 1483.01
939.675 1468.85
942.695 1436.99
4
915.505 1449.54
883.506 1449.78
882.4 1299.69
914.399 1299.46
4
639.64 624.879
629.384 594.567
913.56 498.421
923.816 528.733
4
148.087 626.355
117.589 616.667
208.413 330.745
238.911 340.433
4
344.749 1039.37
313.195 1044.69
275.751 822.831
307.305 817.506
4
364.56 1096.12
346.159 1122.3
120.992 964.045
139.393 937.864
4
157.736 819.248
157.353 851.245
7.36409 849.452
7.74663 817.455
4
172.077 914.625
145.296 897.11
275.927 697.369
302.708 714.884
4
185.513 1358.49
153.517 1358.99
151.187 1209.01
183.183 1208.51
4
141.974 720.248
125.091 693.064
316.226 574.352
333.109 601.536
4
1125.56 1549.51
1123.62 1517.57
1273.34 1508.49
1275.28 1540.43
4
1404.7 1500.25
1389.92 1528.63
1253.9 1457.8
1268.68 1429.42
4
1283.75 183.201
1272.21 213.047
1062.35 131.899
1073.89 102.053
4
589.453 176.287
585.663 208.061
362.247 181.413
366.037 149.639
4
1426.26 1090.51
1402.05 1111.43
1254.94 941.187
1279.15 920.265
4
1385.05 347.238
1358.95 328.735
1489.05 145.162
1515.15 163.665
4
255.32 187.068
243.921 157.168
384.08 103.732
395.479 133.632
4
122.045 259.842
118.445 228.045
406.764 195.405
410.363 227.202
4
0 0
0 1600
1600 1600
1600 0
