30
35
4
1069.11 469.359
1052.35 442.101
1307.89 284.941
1324.65 312.199
4
32.8417 934.968
18.0261 906.604
217.458 802.432
232.274 830.796
4
193.198 698.741
161.723 692.97
202.302 471.659
233.777 477.43
4
183.5 463.802
174.086 433.218
344.027 380.907
353.441 411.491
4
578.369 1010.36
557.005 1034.18
445.331 934.04
466.695 910.216
4
365.789 921.039
361.861 889.281
655.05 853.009
658.979 884.767
4
1405.91 286.483
1376.14 298.224
1293.59 88.917
1323.36 77.1757
4
1317.8 1316.97
1288.58 1330.01
1196.9 1124.53
1226.12 1111.49
4
1326.72 1212.47
1295.23 1206.78
1330.41 1012.14
1361.9 1017.83
4
1504.28 989.858
1501.46 1021.73
1253.8 999.819
1256.62 967.944
4
143.07 1336.13
112.699 1346.21
41.8302 1132.67
72.2014 1122.59
4
1578.24 861.758
1563.78 890.305
1363.06 788.642
1377.52 760.095
4
1403.46 945.26
1387.28 972.869
1211.55 869.89
1227.72 842.281
4
323.063 523.686
321.115 491.746
470.837 482.614
472.785 514.554
4
512.647 508.746
480.705 510.658
469.352 321.053
501.294 319.14
4
462.527 1528.32
460.739 1560.27
310.973 1551.88
312.761 1519.93
4
266.636 1561.22
234.646 1560.4
239.115 1385.9
271.104 1386.72
4
353.109 1341.42
321.113 1340.94
325.591 1040.98
357.587 1041.46
4
278.942 1039.38
247.034 1041.8
235.575 890.96
267.483 888.536
4
967.511 1279.26
948.938 1253.2
1071.09 1166.14
1089.66 1192.2
4
1059.57 1414.28
1033.5 1395.72
1169.68 1204.47
1195.75 1223.03
4
1097.09 1262.15
1067.93 1248.95
1137.12 1096.09
1166.27 1109.28
4
965.725 107.285
959.101 138.592
738.975 92.0147
745.599 60.7079
4
1096.16 835.341
1075.9 810.569
1308.14 620.659
1328.4 645.431
4
1160.62 720.03
1141.7 745.841
970.405 620.31
989.32 594.499
4
1087.09 763.542
1084.41 795.43
893.936 779.419
896.616 747.532
4
725.118 867.802
693.67 873.721
638.182 578.898
669.63 572.979
4
337.479 814.396
307.573 825.781
227.521 615.504
257.427 604.119
4
321.451 655.314
310.099 625.395
490.129 557.082
501.481 587.001
4
492.611 691.857
490.201 723.767
333.209 711.91
335.619 680
4
765.708 441.541
735.439 451.925
638.092 168.159
668.361 157.775
4
774.865 123.101
772.666 155.025
501.733 136.359
503.932 104.434
4
678.098 1294.59
650.021 1309.94
506.102 1046.71
534.179 1031.36
4
360.097 1245.43
356.748 1213.61
570.158 1191.14
573.508 1222.97
4
756.89 1169.67
731.266 1188.84
590.79 1001.06
616.414 981.892
4
0 0
0 1600
1600 1600
1600 0
