30
35
4
1138.19 1292.22
1135.13 1324.07
836.507 1295.38
839.568 1263.53
4
1132.33 1257.7
1123.42 1226.96
1287.94 1179.3
1296.85 1210.04
4
1097.64 1449.84
1073.43 1428.92
1188.58 1295.65
1212.8 1316.58
4
1447.39 873.42
1422.64 893.704
1280.01 719.68
1304.76 699.396
4
1306.48 1227.34
1304.98 1195.38
1454.82 1188.36
1456.32 1220.32
4
1511.61 1252.87
1479.82 1249.22
1497.85 1091.96
1529.64 1095.6
4
280.342 1042.46
253.353 1059.65
172.758 933.142
199.747 915.949
4
98.2297 905.85
96.7633 873.884
257.454 866.512
258.921 898.478
4
347.848 840.608
338.308 871.153
76.9487 789.526
86.4884 758.981
4
1332.11 959.589
1300.89 966.639
1234.79 674.011
1266.01 666.961
4
472.592 1011.14
440.733 1008.13
468.908 709.46
500.767 712.466
4
564.478 686.897
541.718 709.39
421.75 587.998
444.511 565.504
4
684.682 300.958
666.794 327.491
542.418 243.642
560.306 217.109
4
431.863 407.82
420.061 378.076
577.848 315.467
589.651 345.211
4
395.915 430.062
364.582 436.562
316.177 203.24
347.51 196.74
4
653.696 1396.5
621.696 1396.6
620.804 1096.6
652.804 1096.5
4
591.036 1292.7
559.295 1296.76
522.573 1009.89
554.314 1005.83
4
343.613 686.48
327.669 714.225
132.587 602.12
148.531 574.375
4
125.768 730.925
93.7741 731.533
90.6388 566.412
122.633 565.805
4
275.046 527.713
273.238 559.662
10.2288 544.775
12.0372 512.826
4
53.6759 1220.02
30.3787 1198.09
184.624 1034.28
207.921 1056.21
4
38.3427 1326.61
20.967 1299.74
250.027 1151.63
267.403 1178.5
4
763.828 1448.62
735.292 1434.14
803.172 1300.38
831.708 1314.86
4
871.96 1499.27
860.522 1529.16
618.557 1436.55
629.995 1406.67
4
700.396 1574.11
673.11 1590.82
584.495 1446.17
611.782 1429.46
4
405.459 813.044
374.715 804.164
416.341 660.056
447.085 668.936
4
1001.6 721.782
998.326 753.615
774.504 730.618
777.774 698.785
4
141.677 1491.91
109.718 1490.29
117.323 1340.49
149.282 1342.11
4
134.827 1300.94
128.331 1269.61
294.64 1235.13
301.136 1266.47
4
294.304 1469.12
262.985 1462.55
304.265 1265.78
335.583 1272.35
4
934.088 968.577
902.231 965.551
916.412 816.223
948.269 819.249
4
906.053 994.206
877.484 1008.62
778.031 811.557
806.599 797.14
4
723.555 1006.24
691.589 1004.77
704.794 717.974
736.76 719.445
4
1182.2 744.815
1156.41 725.872
1334 484.085
1359.79 503.028
4
1055.15 611.457
1032.08 589.287
1162.2 453.851
1185.28 476.021
4
0 0
0 1600
1600 1600
1600 0
