30
35
4
757.484 936.754
757.312 968.754
457.316 967.146
457.488 935.146
4
568.133 1098.96
551.309 1071.74
699.896 979.905
716.719 1007.13
4
898.557 1135.99
897.029 1167.96
653.587 1156.32
655.115 1124.36
4
1051.03 1112.73
1025.95 1092.85
1165.77 916.566
1190.85 936.452
4
953.005 1038.22
924.015 1024.67
994.883 873.061
1023.87 886.611
4
783.62 859.288
775.306 828.386
1035.77 758.31
1044.09 789.211
4
80.6561 848.633
66.6479 819.862
268.944 721.367
282.952 750.138
4
157.281 966.867
135.532 943.394
255.472 832.257
277.222 855.729
4
271.624 1066.2
253.945 1092.88
8.22268 930.013
25.9016 903.34
4
432.238 1512.58
401.798 1502.71
448.062 1360.02
478.502 1369.89
4
659.138 1415.38
639.343 1440.53
419.023 1267.06
438.818 1241.92
4
698.058 1248.95
696.029 1280.89
540.118 1270.98
542.147 1239.04
4
229.961 502.805
199.789 492.145
274.739 279.995
304.911 290.655
4
534.92 532.76
504.6 542.992
408.68 258.74
439 248.508
4
286.23 645.81
266.192 620.861
436.564 484.024
456.602 508.973
4
948.369 469.014
918.668 480.923
834.931 272.086
864.632 260.177
4
1085.57 341.091
1067.72 367.647
919.349 267.894
937.204 241.338
4
973.295 382.324
944.469 396.219
814.205 125.976
843.031 112.081
4
1150.76 212.615
1141.1 243.121
895.043 165.17
904.708 134.665
4
1433.08 1050.33
1416.27 1077.56
1288.62 998.774
1305.43 971.543
4
1298.44 1043.28
1267.46 1051.29
1213.68 843.461
1244.66 835.444
4
1275.28 864.894
1250.27 844.922
1376.6 686.774
1401.61 706.746
4
1255.45 1452.32
1234.27 1476.31
1009.35 1277.78
1030.53 1253.79
4
1106.54 1273.19
1080.08 1255.19
1172.08 1119.95
1198.54 1137.95
4
187.618 211.376
182.823 179.738
405.282 146.024
410.077 177.662
4
844.256 732.673
827.253 759.782
636.644 640.227
653.647 613.118
4
894.637 632.817
865.197 645.358
783.016 452.432
812.456 439.892
4
462.705 208.4
440.955 184.927
605.995 32.0003
627.745 55.4727
4
426.498 1042.57
396.397 1053.43
345.502 912.328
375.603 901.47
4
358.017 848.714
356.149 816.769
509.068 807.828
510.936 839.773
4
673.511 508.89
641.861 504.169
663.989 355.81
695.639 360.531
4
1163.15 547.106
1153.56 577.636
1010.45 532.694
1020.04 502.164
4
998.438 615.91
966.548 613.255
982.51 421.543
1014.4 424.198
4
1138.9 690.68
1127.92 720.738
928.985 648.091
939.961 618.033
4
1592.75 1369.67
1580.27 1399.14
1442.15 1340.63
1454.63 1311.16
4
0 0
0 1600
1600 1600
1600 0
