30
35
4
1081.45 204.313
1060.72 228.686
889.347 82.8865
910.083 58.514
4
1128.32 704.054
1108.18 728.915
933.376 587.246
953.524 562.385
4
1158.99 767.233
1145.94 796.45
897.163 685.307
910.216 656.09
4
1234.01 841.862
1204.62 854.522
1106.67 627.135
1136.05 614.475
4
488.312 178.681
479.331 147.968
695.288 84.8186
704.269 115.532
4
699.631 288.247
673.327 270.023
772.903 126.292
799.207 144.515
4
613.301 290.459
583.272 279.403
635.099 138.641
665.128 149.697
4
580.579 434.667
565.152 406.631
753.134 303.196
768.561 331.232
4
1145.24 464.909
1120.91 485.693
926.056 257.591
950.387 236.807
4
851.173 624.476
823.515 608.38
934.848 417.078
962.506 433.174
4
786.424 1256.84
778.771 1287.91
487.476 1216.16
495.129 1185.09
4
900.492 1349.41
872.483 1364.88
727.408 1102.29
755.417 1086.82
4
137.383 635.245
107.424 646.49
54.7166 506.055
84.676 494.81
4
1185.82 334.063
1155.57 344.513
1106.58 202.737
1136.83 192.287
4
1324.3 369.225
1320.34 400.979
1100.63 373.582
1104.58 341.828
4
221.072 417.128
192.361 431.257
126.128 296.672
154.839 282.543
4
171.758 293.087
168.068 261.3
379.857 236.718
383.546 268.504
4
369.015 1476.5
368.462 1508.49
218.485 1505.9
219.038 1473.91
4
413.689 1454.12
397.937 1481.98
227.18 1385.41
242.931 1357.56
4
585.669 1102.68
572.507 1073.52
709.231 1011.82
722.393 1040.98
4
260.205 1106.35
247.217 1077.11
521.395 955.346
534.383 984.592
4
149.406 1017.71
126.973 994.887
262.879 861.289
285.312 884.11
4
77.0224 1089.74
45.3936 1084.88
72.0921 911.119
103.721 915.979
4
431.168 1515.11
410.083 1491.04
579.332 1342.79
600.417 1366.86
4
522.157 1341.69
499.638 1364.43
346.719 1212.96
369.238 1190.23
4
217.675 1252.14
199.464 1225.83
433.641 1063.76
451.852 1090.07
4
1423.39 496.463
1403.8 471.159
1522.41 379.337
1542 404.641
4
1408.99 1541.41
1400.28 1510.62
1544.61 1469.79
1553.32 1500.58
4
1371.07 1524.05
1342.32 1509.99
1409.92 1371.88
1438.66 1385.94
4
992.294 1373.2
964.893 1356.67
1081.11 1164
1108.51 1180.53
4
1100.71 1387.49
1073.06 1371.38
1220.07 1118.95
1247.73 1135.05
4
618.612 896.293
599 871.008
776.788 733.107
796.4 758.392
4
627.698 1008.85
609.044 982.853
812.761 836.694
831.415 862.694
4
1549.01 1349.44
1521.28 1365.39
1409.09 1170.36
1436.82 1154.41
4
1276.36 1370.17
1264.09 1340.62
1453.59 1261.96
1465.85 1291.52
4
0 0
0 1600
1600 1600
1600 0
