30
35
4
1386.02 197.559
1376.25 228.031
1090.58 136.441
1100.35 105.969
4
1096.12 248.328
1066.02 259.204
983.879 31.9128
1013.97 21.0363
4
972.99 385.438
954.311 359.455
1150.03 218.752
1168.71 244.735
4
1361.57 357.131
1338.41 335.055
1493.63 172.169
1516.79 194.245
4
366.021 1458.54
354.331 1428.75
563.779 1346.56
575.469 1376.35
4
358.865 1525.12
346.264 1495.71
496.65 1431.28
509.251 1460.7
4
286.242 494.663
265.307 518.866
151.858 420.737
172.793 396.534
4
904.432 1345.2
883.377 1369.3
657.468 1171.9
678.523 1147.8
4
905.764 1382.03
903.314 1413.93
728.583 1400.52
731.033 1368.61
4
982.095 1376.09
978.536 1344.29
1127.6 1327.61
1131.16 1359.41
4
1181.44 1446.79
1177.04 1478.49
1018.51 1456.49
1022.91 1424.8
4
1180.66 1425.76
1161.47 1400.15
1291.43 1302.77
1310.62 1328.38
4
99.988 620.948
94.1232 589.49
315.312 548.252
321.177 579.71
4
232.994 658.196
229.954 626.34
437.645 606.52
440.685 638.376
4
371.856 971.782
340.972 980.158
262.444 690.618
293.328 682.242
4
464.094 857.035
439.698 877.744
311.352 726.542
335.748 705.833
4
313.585 980.523
297.112 1007.96
112.353 897.024
128.825 869.589
4
998.389 547.449
982.611 519.608
1113.11 445.651
1128.89 473.492
4
1323.8 827.891
1298.69 808.061
1484.6 572.609
1509.71 592.439
4
1596.52 877.662
1582.32 906.34
1364.85 798.668
1379.04 769.99
4
1250.21 961.399
1245.11 929.808
1470.28 893.438
1475.38 925.029
4
1558.55 1512.75
1550.86 1543.81
1405.25 1507.75
1412.94 1476.69
4
1033.42 1185.89
1001.96 1180.01
1057.08 885.114
1088.54 890.994
4
1144.07 1285.78
1125.36 1311.74
987.103 1212.08
1005.81 1186.12
4
958.779 1321.01
926.914 1318.08
943.004 1143.4
974.869 1146.34
4
1173.66 1192.71
1147.23 1174.66
1231.84 1050.79
1258.27 1068.84
4
580.332 677.203
559.627 652.804
788.368 458.697
809.073 483.096
4
494.849 724.727
466.245 710.381
562.222 519.021
590.826 533.367
4
963.109 581.219
938.7 601.912
777.469 411.727
801.878 391.034
4
1060.03 1563.86
1038.4 1587.44
927.866 1486.04
949.498 1462.46
4
924.628 1560.67
894.815 1572.3
837.661 1425.78
867.473 1414.15
4
722.825 1521
697.292 1540.29
606.875 1420.6
632.408 1401.31
4
435.196 1583.83
434.563 1551.84
730.845 1545.97
731.478 1577.97
4
297.918 1318.95
281.112 1291.72
472.582 1173.55
489.388 1200.78
4
1589.82 1153.67
1581.95 1184.68
1291.18 1110.83
1299.05 1079.82
4
0 0
0 1600
1600 1600
1600 0
