30
35
4
1177.74 1539.95
1147.64 1550.82
1096.66 1409.75
1126.76 1398.88
4
897.096 1408.54
885.228 1378.82
1153.05 1271.87
1164.92 1301.59
4
386.92 875.634
362.215 895.972
266.88 780.166
291.585 759.828
4
746.607 707.92
715.175 701.921
743.293 554.58
774.725 560.579
4
255.062 946.171
252.893 978.098
103.238 967.929
105.407 936.002
4
129.608 1078.05
121.1 1047.2
368.803 978.89
377.31 1009.74
4
389.311 1153.99
359.998 1141.16
479.86 867.45
509.172 880.287
4
1565.39 221.41
1562.29 253.259
1263.71 224.19
1266.81 192.341
4
1194.51 1108.04
1173.29 1132
1060.99 1032.56
1082.21 1008.6
4
999.913 1077.64
968.753 1070.36
1007.68 903.863
1038.84 911.149
4
321.151 1448.54
294.007 1431.59
373.449 1304.36
400.593 1321.31
4
1193.71 348.116
1179.42 376.749
978.093 276.284
992.381 247.651
4
1168.8 475.57
1151.75 448.493
1339.81 330.046
1356.86 357.123
4
1069.07 247.213
1057.68 217.308
1234.8 149.842
1246.19 179.747
4
865.121 487.03
834.164 495.134
777.179 277.47
808.136 269.366
4
816.543 483.547
793.162 505.396
689.538 394.507
712.919 372.659
4
631.008 798.921
614.943 826.596
355.492 675.979
371.557 648.304
4
1400.68 1397.32
1381.12 1371.99
1499.82 1280.28
1519.38 1305.61
4
1415.87 1431.56
1395.96 1456.61
1191.38 1294.08
1211.29 1269.02
4
1199.13 1271.62
1192.16 1240.39
1361.22 1202.67
1368.19 1233.91
4
1192.21 1174.89
1178.86 1145.81
1451.49 1020.61
1464.84 1049.69
4
1347.79 1003.63
1326.17 1027.22
1191.2 903.557
1212.81 879.962
4
1326.02 824.44
1322.07 856.196
1055.31 823.018
1059.26 791.262
4
507.149 353.592
477.849 366.455
417.551 229.108
446.851 216.245
4
585.569 447.971
554.039 442.507
581.74 282.679
613.27 288.144
4
698.003 356.041
666.326 360.582
634.397 137.859
666.074 133.318
4
515.088 198.716
490.243 178.548
613.943 26.1604
638.788 46.3281
4
742.562 338.939
711.314 332.045
755.289 132.718
786.538 139.613
4
1377.45 1369.99
1349.62 1354.2
1460.65 1158.51
1488.48 1174.3
4
1493.63 1278.75
1463.07 1269.26
1508.76 1122.08
1539.32 1131.56
4
1354.26 1191
1338.33 1163.25
1548.78 1042.4
1564.72 1070.15
4
1190.55 638.051
1178.27 667.601
1039.75 610.049
1052.03 580.499
4
1337.97 772.828
1311.62 790.976
1153.18 560.889
1179.54 542.74
4
936.591 707.867
906.958 695.789
1014.58 431.729
1044.21 443.807
4
1345.5 858.898
1342.52 890.759
1118.5 869.802
1121.48 837.941
4
0 0
0 1600
1600 1600
1600 0
