30
35
4
394.755 1459.94
365.951 1446
496.645 1175.96
525.449 1189.9
4
427.811 1247.36
405.965 1270.74
207.575 1085.4
229.421 1062.01
4
279.047 232.811
247.347 237.183
226.853 88.5892
258.553 84.2173
4
416.51 514.234
386.418 525.12
335.39 384.066
365.482 373.18
4
573.637 510.418
550.202 532.208
396.573 366.98
420.008 345.19
4
1217.53 1228.84
1205.47 1258.48
927.573 1145.46
939.628 1115.82
4
1440.95 999.117
1439.39 1031.08
1139.75 1016.38
1141.31 984.421
4
744.563 1505.89
716.686 1490.18
790.337 1359.51
818.214 1375.22
4
725.897 1569.31
708.707 1542.31
898.412 1421.5
915.602 1448.49
4
785.916 331.3
756.834 344.649
631.684 72.0002
660.766 58.6508
4
808.728 380.423
792.731 408.138
591.65 292.081
607.646 264.366
4
1240.18 803.061
1209.04 810.445
1139.82 518.539
1170.96 511.155
4
1132.58 845.564
1100.68 848.028
1079.28 570.978
1111.19 568.514
4
1330.53 473.666
1318.43 503.29
1112.95 419.349
1125.05 389.725
4
421.325 123.03
409.85 93.1579
549.875 39.3701
561.35 69.2421
4
477.327 311.67
448.35 325.247
333.913 81.0129
362.89 67.4356
4
443.969 177.769
441.339 145.878
612.194 131.79
614.824 163.682
4
224.516 1296.68
201.58 1318.99
44.6839 1157.72
67.6204 1135.41
4
559.61 786.727
528.593 778.855
602.39 488.073
633.407 495.945
4
1361.94 953.916
1358.09 922.148
1581.46 895.084
1585.31 926.852
4
1226.96 922.622
1206.52 897.997
1356.52 773.517
1376.96 798.142
4
1470.25 796.227
1453.15 823.271
1283.78 716.149
1300.88 689.104
4
1488.29 1256.56
1466.26 1279.78
1303.01 1124.94
1325.04 1101.72
4
1453.39 1321.54
1434.75 1347.56
1250.26 1215.36
1268.9 1189.35
4
1345.33 1507.14
1325.5 1482.02
1549.02 1305.59
1568.85 1330.71
4
857.815 470.87
825.901 468.525
842.385 244.13
874.299 246.475
4
811.468 550.559
806.961 518.878
1031.19 486.982
1035.7 518.663
4
719.316 661.549
710.925 630.669
983.592 556.575
991.984 587.455
4
1543.77 569.792
1512.65 577.263
1477.63 431.408
1508.75 423.937
4
1415.79 654.675
1383.79 654.559
1384.81 371.526
1416.81 371.642
4
619.678 1391.66
587.86 1395.06
563.922 1171.34
595.74 1167.94
4
754.052 1133.74
734.807 1108.17
854.648 1017.96
873.893 1043.53
4
953.575 193.682
931.438 216.789
823.125 113.018
845.262 89.9113
4
1070.8 422.75
1040.25 432.293
951.504 148.25
982.048 138.707
4
243.01 373.041
213.022 384.21
134.49 173.359
164.478 162.19
4
0 0
0 1600
1600 1600
1600 0
