30
35
4
552.6 997.189
531.605 1021.34
305.2 824.511
326.195 800.361
4
1094.66 770.526
1063.77 762.168
1102.94 617.374
1133.83 625.732
4
704.683 549.379
679.744 529.329
867.717 295.521
892.656 315.571
4
825.408 556.73
820.733 525.073
985.283 500.77
989.958 532.426
4
711.159 1013.79
684.176 1030.99
603.541 904.509
630.524 887.307
4
577.736 1239.95
545.991 1235.92
580.823 961.808
612.568 965.842
4
344.671 971.836
340.602 1003.58
117.429 974.964
121.498 943.224
4
32.271 1096.52
1.57565 1087.48
85.4154 802.932
116.111 811.976
4
38.2563 446.402
18.1084 421.541
134.644 327.098
154.792 351.959
4
245.959 414.111
219.529 432.151
117.382 282.505
143.812 264.464
4
263.955 1285.23
253.433 1315.45
40.9449 1241.47
51.4673 1211.25
4
1201.17 277.425
1188.89 247.873
1465.93 132.775
1478.21 162.327
4
473.568 525.45
458.274 497.342
590.032 425.65
605.326 453.758
4
349.258 437.492
338.974 407.189
484.482 357.806
494.767 388.108
4
345.531 604.865
318.293 588.071
421.599 420.513
448.838 437.307
4
1320.09 1328.73
1307.74 1299.21
1515.31 1212.37
1527.66 1241.89
4
1539.66 1483.64
1507.76 1486.19
1494.94 1326.01
1526.84 1323.45
4
1180.87 1215.94
1174.25 1184.63
1332.81 1151.08
1339.44 1182.39
4
569.755 1565.36
547.822 1542.06
657.045 1439.24
678.978 1462.54
4
1169.67 829.106
1157.76 799.403
1436.23 687.794
1448.14 717.497
4
1150.73 1378.9
1129.63 1402.96
960.473 1254.6
981.574 1230.54
4
451.432 1180.26
427.97 1202.02
325.968 1092.04
349.43 1070.28
4
412.829 1299.7
387.769 1319.6
202.142 1085.85
227.201 1065.95
4
938.877 1215.4
916.609 1238.38
755.023 1081.8
777.291 1058.82
4
709.562 1258.24
677.841 1262.45
654.684 1088.08
686.406 1083.87
4
750.653 416.342
729.727 440.551
616.247 342.458
637.173 318.249
4
624.625 636.992
593.08 631.616
633.527 394.258
665.073 399.634
4
615.169 674.376
596.596 700.435
460.474 603.414
479.047 577.355
4
919.414 988.98
912.319 957.776
1058.59 924.52
1065.68 955.724
4
912.038 1056.26
881.308 1065.19
832.194 896.136
862.924 887.209
4
790.801 927.437
770.99 902.307
977.175 739.772
996.986 764.902
4
1367.94 1028.84
1335.98 1027.29
1343.26 877.462
1375.22 879.014
4
1104.42 1041.21
1074.94 1028.74
1133.38 890.593
1162.86 903.06
4
897.23 1287.26
895.231 1319.2
670.67 1305.14
672.669 1273.2
4
719.065 1441.55
695.603 1463.31
582.044 1340.87
605.506 1319.11
4
0 0
0 1600
1600 1600
1600 0
