30
35
4
1050.51 675.244
1018.51 675.45
1016.59 375.456
1048.59 375.25
4
410.241 1318.19
379.819 1328.11
286.759 1042.91
317.181 1032.99
4
1131.21 928.542
1115.55 900.632
1311.79 790.558
1327.45 818.468
4
1281.84 1076.06
1249.84 1076.5
1247.79 925.883
1279.79 925.446
4
1380.47 1081.34
1358.55 1058.03
1522.43 903.863
1544.35 927.171
4
1293.37 1186.46
1286.29 1155.25
1480.71 1111.17
1487.79 1142.38
4
1494.05 1318.89
1467.69 1337.03
1376.16 1204.02
1402.53 1185.88
4
589.387 855.459
563.722 836.346
653.313 716.041
678.978 735.154
4
900.79 1223.85
891.885 1254.59
747.81 1212.85
756.715 1182.11
4
920.646 1203.78
894.076 1221.61
800.705 1082.49
827.276 1064.65
4
418.059 395.371
390.498 379.111
542.941 120.729
570.502 136.989
4
502.672 416.325
480.268 393.477
597.791 278.239
620.195 301.087
4
1556.98 266.34
1549.34 297.413
1258.02 225.76
1265.66 194.687
4
675.752 444.141
643.878 446.975
623.948 222.859
655.822 220.025
4
722.391 456.73
722.209 488.73
508.988 487.52
509.169 455.52
4
727.844 570.091
717.626 600.416
489.906 523.683
500.125 493.359
4
384.025 862.961
363.466 887.483
133.575 694.739
154.134 670.217
4
940.879 892.371
911.045 880.798
992.421 671.029
1022.25 682.602
4
1161.47 956.568
1158.79 988.456
991.663 974.408
994.344 942.52
4
1171.63 1040.48
1169.49 1072.41
985.264 1060.06
987.403 1028.14
4
811.808 845.273
785.527 827.017
913.892 642.227
940.173 660.483
4
1149.03 1511.78
1117.52 1517.35
1065.37 1221.92
1096.88 1216.35
4
960.712 446.085
930.153 455.581
863.388 240.715
893.947 231.219
4
921.699 508.065
898.06 529.634
755.366 373.238
779.005 351.669
4
1054.38 233.739
1046.23 264.682
846.314 211.968
854.473 181.026
4
1424.11 631.195
1395.85 616.188
1466.19 483.705
1494.45 498.712
4
1541.71 642.679
1510.3 636.552
1559.51 384.282
1590.92 390.409
4
1302.99 715.343
1292.82 685.002
1501.57 615.03
1511.74 645.371
4
1368.02 911.046
1338.35 899.052
1422.68 690.454
1452.35 702.448
4
1380.35 730.602
1379.52 762.591
1197.18 757.834
1198.01 725.845
4
1032.15 1176.22
1011.02 1200.25
842.051 1051.68
863.182 1027.65
4
907.873 1035.08
882.172 1016.01
976.3 889.118
1002 908.182
4
924.229 947.817
909.538 976.245
738.542 887.877
753.234 859.448
4
118.78 1131.59
86.7808 1131.41
88.0197 906.414
120.019 906.59
4
1071.59 1566.11
1041.06 1575.68
951.406 1289.39
981.944 1279.82
4
0 0
0 1600
1600 1600
1600 0
