30
35
4
555.527 535.695
523.542 534.695
530.573 309.805
562.558 310.805
4
453.784 1157.45
422.214 1152.22
471.216 856.251
502.786 861.478
4
1351.66 1082.29
1331.07 1106.79
1158.84 962.011
1179.43 937.515
4
280.003 68.0412
271.485 98.8867
126.897 58.9588
135.415 28.1133
4
1536.33 499.297
1525.91 529.554
1313.17 456.303
1323.59 426.046
4
1558.85 678.955
1535.06 700.359
1366.46 512.986
1390.25 491.582
4
1205.91 822.583
1185.37 798.048
1374.69 639.524
1395.24 664.059
4
1081.36 1054.09
1068.15 1083.23
794.935 959.313
808.153 930.17
4
646.467 361.564
628.182 335.302
812.833 206.736
831.118 232.998
4
796.362 470.518
781.244 498.721
569.796 385.377
584.915 357.174
4
807.063 525.861
795.569 555.725
654.586 501.464
666.08 471.599
4
474.884 802.12
457.163 775.474
644.516 650.88
662.237 677.526
4
53.3857 1450.74
47.6098 1419.27
268.914 1378.66
274.69 1410.13
4
383.332 1345.85
365.071 1372.13
214.103 1267.22
232.363 1240.94
4
1364.72 1028.9
1362 997.019
1586.18 977.896
1588.9 1009.78
4
1424.88 1170.43
1405.54 1144.93
1556.96 1030.06
1576.3 1055.55
4
1420.59 938.476
1413.04 969.574
1164.72 909.323
1172.27 878.225
4
295.238 715.359
266.881 730.187
127.862 464.341
156.219 449.513
4
443.01 780.452
411.287 776.249
430.99 627.548
462.713 631.751
4
392.957 689.24
366.55 707.314
279.237 579.742
305.644 561.669
4
1133.72 1462.63
1107.15 1444.79
1190.78 1320.27
1217.35 1338.11
4
1450.65 907.742
1431.61 882.026
1552.15 792.758
1571.19 818.474
4
37.0636 370.584
7.94376 357.316
70.1364 220.816
99.2562 234.084
4
184.636 172.145
175.992 202.955
14.8585 157.75
23.5023 126.939
4
111.002 255.067
108.914 223.136
299.187 210.691
301.276 242.623
4
60.1764 1011.83
45.5749 983.357
312.524 846.469
327.125 874.943
4
832.519 1276.67
801.901 1285.97
714.681 998.931
745.299 989.628
4
659.06 1390.18
628.51 1380.65
691.737 1177.87
722.286 1187.39
4
1028.18 539.777
1011.09 512.722
1137.92 432.623
1155.01 459.678
4
878.76 431.199
860.798 404.715
1002.73 308.453
1020.69 334.936
4
1045.96 1334.82
1014.02 1332.92
1022.94 1183.18
1054.88 1185.08
4
39.8588 488.805
10.0762 477.101
64.9412 337.495
94.7238 349.199
4
1493.45 1548.61
1466.2 1565.39
1348.25 1373.79
1375.5 1357.01
4
1398.97 1575.66
1368.91 1586.62
1288.08 1364.94
1318.15 1353.98
4
1328.31 1490.24
1303.6 1510.58
1197.73 1381.97
1222.44 1361.64
4
0 0
0 1600
1600 1600
1600 0
