30
35
4
558.691 978.392
526.767 980.596
506.109 681.308
538.033 679.104
4
1046.58 769.188
1037.75 738.432
1181.92 697.012
1190.75 727.768
4
1239.94 930.957
1207.94 931.474
1203.81 675.967
1235.81 675.45
4
1384.94 709.595
1368.43 737.004
1192.26 630.851
1208.77 603.442
4
358.462 1315.14
333.629 1294.96
428.238 1178.56
453.071 1198.74
4
195.332 1138.46
187.592 1107.41
381.242 1059.13
388.981 1090.18
4
364.696 589.659
361.606 557.809
660.204 528.841
663.294 560.691
4
781.36 560.005
761.986 585.473
642.208 494.358
661.582 468.889
4
451.818 368.331
435.217 395.688
306.982 317.869
323.583 290.512
4
164.687 514.828
146.692 488.367
302.628 382.318
320.624 408.779
4
1332.3 1576.95
1314.4 1550.42
1563.1 1382.65
1581 1409.18
4
867.99 294.722
846.166 318.126
681.61 164.678
703.434 141.274
4
618.471 173.293
599.621 147.434
797.649 3.08413
816.499 28.9432
4
869.864 1173.55
853.938 1201.31
723.836 1126.65
739.762 1098.89
4
848.123 1053.01
830.992 1080.04
683.215 986.378
700.345 959.349
4
901.754 745.506
882.717 771.228
762.146 681.994
781.183 656.272
4
1037.74 684.432
1022.62 712.636
870.549 631.118
885.667 602.914
4
1457.82 1041.46
1449.46 1072.34
1304.68 1033.14
1313.04 1002.26
4
1240.75 1148.79
1211.72 1135.33
1285.66 975.839
1314.7 989.299
4
1246.14 985.263
1233.67 955.793
1394.67 887.657
1407.14 917.126
4
208.551 1549.01
181.031 1532.68
295.849 1339.19
323.369 1355.52
4
1387.16 633.667
1372.88 605.029
1574.24 504.633
1588.52 533.271
4
1277.63 1505.61
1248.8 1519.51
1183.67 1384.39
1212.5 1370.49
4
1161.46 1398.69
1132.87 1384.31
1211.01 1228.9
1239.6 1243.27
4
1374.34 445.54
1343.24 453.06
1290.36 234.36
1321.46 226.84
4
1408.42 500.607
1391.72 527.901
1152.79 381.672
1169.49 354.378
4
1474.46 493.686
1442.49 495.076
1433.3 283.701
1465.27 282.311
4
1056.3 1223.67
1049.63 1192.38
1269.7 1145.53
1276.37 1176.82
4
1198.5 1107.27
1196.3 1139.2
974.256 1123.9
976.456 1091.97
4
710.363 1429.91
694.375 1457.63
564.437 1382.69
580.425 1354.97
4
791.768 1302.71
770.781 1326.86
600.932 1179.29
621.919 1155.14
4
995.42 157.451
968.968 139.443
1053.38 15.449
1079.83 33.457
4
1040.23 358.212
1009.33 349.893
1075.23 105.123
1106.13 113.442
4
1025.03 579.376
1018.71 610.746
871.667 581.124
877.987 549.754
4
1425.26 1380.67
1407.25 1407.12
1283.24 1322.73
1301.25 1296.28
4
0 0
0 1600
1600 1600
1600 0
