30
35
4
357.48 752.124
332.571 772.213
191.32 597.076
216.229 576.987
4
181.365 771.984
151.271 782.86
68.4118 553.594
98.5066 542.717
4
1245.36 1140.86
1224.46 1116.63
1338.04 1018.64
1358.94 1042.87
4
1428.67 1506.95
1399.93 1492.9
1465.83 1358.15
1494.57 1372.2
4
1457.52 1148.03
1433.8 1126.55
1534.48 1015.37
1558.2 1036.85
4
1585.58 1193.51
1575.04 1223.73
1343.76 1143.12
1354.29 1112.9
4
1173.59 1467.72
1155.76 1441.14
1342.61 1315.78
1360.44 1342.36
4
552.374 584.541
551.299 616.523
326.426 608.959
327.501 576.977
4
412.13 669.18
409.38 637.298
671.686 614.674
674.436 646.556
4
1289.3 685.801
1265.19 664.765
1462.4 438.699
1486.51 459.735
4
1416.6 413.955
1412.27 445.661
1135.39 407.864
1139.72 376.158
4
1439.26 770.945
1412.07 754.065
1516.21 586.335
1543.4 603.215
4
634.441 1374.36
606.475 1389.92
460.659 1127.74
488.625 1112.18
4
1279.08 216.744
1267.47 186.926
1477.12 105.256
1488.73 135.074
4
979.76 958.024
952.348 941.513
1068.44 748.776
1095.85 765.287
4
974.292 884.464
947.976 902.67
819.451 716.896
845.767 698.689
4
1103.02 657.581
1101.44 689.542
848.429 677.053
850.006 645.092
4
495.354 370.674
465.586 358.932
548.146 149.626
577.914 161.368
4
421.22 284.06
389.726 278.388
431.759 45.0231
463.253 50.6955
4
566.4 462.997
542.592 441.615
719.529 244.612
743.336 265.995
4
780.458 278.867
779.212 246.891
1004.04 238.133
1005.29 270.109
4
1011.98 479.338
984.091 463.653
1112.21 235.846
1140.1 251.532
4
483.851 1190.33
471.092 1219.68
264.749 1129.97
277.508 1100.62
4
244.834 1183.27
212.845 1184.1
206.702 946.91
238.691 946.082
4
314.74 1212.76
311.45 1244.59
116.573 1224.45
119.864 1192.62
4
283.122 891.883
267.546 863.93
398.578 790.917
414.154 818.87
4
1209.62 223.759
1177.82 227.333
1152.68 3.74112
1184.48 0.166841
4
1175.62 263.897
1173.72 231.953
1347.01 221.657
1348.91 253.601
4
594.21 1251.94
586.47 1220.89
804.79 1166.46
812.53 1197.51
4
593.075 1158.95
571.024 1182.14
440.211 1057.76
462.262 1034.57
4
871.493 1242.58
841.154 1232.41
894.096 1074.55
924.435 1084.72
4
343.597 397.042
332.112 426.91
122.103 346.158
133.588 316.29
4
379.869 254.145
373.019 285.403
206.979 249.015
213.83 217.757
4
363.906 174.621
353.955 205.034
191.59 151.908
201.541 121.495
4
723.439 171.203
691.485 169.48
699.561 19.6974
731.515 21.4201
4
0 0
0 1600
1600 1600
1600 0
