30
35
4
810.076 1339.91
783.439 1322.18
908.124 1134.89
934.761 1152.62
4
772.486 1445.23
748.572 1423.97
938.948 1209.85
962.862 1231.11
4
1477.6 247.493
1449.03 233.074
1550.4 32.2074
1578.97 46.6255
4
1462.3 330.243
1436.19 311.739
1560.33 136.575
1586.44 155.078
4
757.594 1152.85
725.766 1149.54
741.306 1000.35
773.134 1003.66
4
852.547 990.17
836.777 1018.01
584.126 874.929
599.895 847.085
4
957.229 557.321
946.055 527.335
1227.17 422.579
1238.34 452.565
4
1364.32 356.581
1355.72 387.405
1184.93 339.777
1193.52 308.953
4
1145.61 294.88
1131.85 265.987
1342.82 165.554
1356.58 194.447
4
164.935 1403.87
157.869 1372.66
450.465 1306.43
457.531 1337.64
4
286.358 1302.76
255.3 1310.46
217.303 1157.3
248.361 1149.6
4
418.914 1313.51
402.797 1285.87
561.409 1193.4
577.526 1221.04
4
302.801 917.409
281.422 941.219
58.1988 740.791
79.5778 716.981
4
639.663 153.919
637.765 121.975
937.237 104.181
939.135 136.125
4
648.743 246.694
617.163 251.861
581.161 31.8118
612.741 26.6451
4
1186.55 1598.23
1158.79 1582.3
1308.05 1322.07
1335.81 1338
4
1447.01 1327.46
1430.8 1355.05
1182.68 1209.34
1198.88 1181.74
4
1368.45 798.979
1337.1 792.586
1382.05 572.121
1413.4 578.514
4
41.3803 730.74
26.7431 702.284
293.52 565.06
308.157 593.516
4
1250.92 924.737
1223.5 941.239
1107.48 748.463
1134.9 731.961
4
1239.2 997.908
1238.94 1029.91
1031.76 1028.21
1032.03 996.212
4
729.183 510.4
715.328 539.245
580.117 474.3
593.972 445.455
4
670.125 586.913
654.434 614.802
430.741 488.951
446.432 461.062
4
959.415 712.9
937.828 689.278
1159.29 486.9
1180.87 510.522
4
1030.83 463.27
1012.93 489.792
828.707 365.43
846.612 338.907
4
969.603 288.672
960.045 258.132
1103.2 213.328
1112.76 243.868
4
1076.07 184.717
1073.89 216.643
808.29 198.511
810.469 166.585
4
1027.94 156.268
1023.83 124.532
1192.45 102.704
1196.55 134.439
4
1554.53 1190.24
1524.61 1201.6
1471.37 1061.36
1501.29 1050
4
741.621 1220.53
711.391 1231.02
637.579 1018.47
667.809 1007.98
4
223.118 574.548
193.654 562.062
252.182 423.952
281.646 436.438
4
189.375 521.655
167.426 544.942
50.1598 434.415
72.1082 411.128
4
249.085 425.122
236.855 395.552
435.554 313.367
447.785 342.938
4
459.839 1417.72
450.829 1387.01
594.761 1344.78
603.771 1375.49
4
727.674 1517.2
696.46 1524.26
638.679 1268.44
669.892 1261.39
4
0 0
0 1600
1600 1600
1600 0
