30
35
4
1386.4 681.517
1358.94 697.958
1204.8 440.583
1232.26 424.142
4
1043.37 524.05
1024.97 497.869
1216.69 363.128
1235.09 389.309
4
1334.32 473.149
1305.42 459.398
1382.66 297.08
1411.56 310.831
4
1396.97 1002.09
1365.01 1003.64
1357.73 853.814
1389.69 852.262
4
1369.82 1215.15
1337.95 1218.09
1310.47 920.679
1342.33 917.734
4
652.089 775.647
621.212 784.052
562.111 566.953
592.988 558.548
4
631.833 871.606
624.337 840.496
785.271 801.719
792.767 832.829
4
665.508 917.466
642.522 939.73
459.714 750.994
482.699 728.73
4
428.936 671.674
396.978 673.326
385.364 448.626
417.322 446.974
4
1002.84 1163.96
999.236 1195.76
775.664 1170.44
779.264 1138.64
4
478.399 261.865
474.261 230.133
623.001 210.735
627.139 242.467
4
689.567 185.858
675.161 214.433
428.815 90.2437
443.22 61.6693
4
349.071 325.946
323.364 306.889
462.919 118.629
488.626 137.686
4
1097.53 1228.95
1065.78 1232.96
1046.97 1084.15
1078.72 1080.14
4
1023.57 1315.67
1009.11 1287.12
1175.72 1202.74
1190.18 1231.29
4
1269.14 1511.05
1237.17 1512.41
1225.17 1230.47
1257.14 1229.11
4
210.571 686.54
189.178 662.742
300.729 562.46
322.122 586.258
4
278.019 564.813
248.821 577.907
176.583 416.811
205.782 403.718
4
1015.5 195.914
984.526 187.877
1022.2 42.6855
1053.17 50.7227
4
1104.57 191.668
1072.78 187.964
1093.94 6.41757
1125.73 10.1223
4
507.381 563.253
477.688 551.324
589.519 272.947
619.212 284.876
4
94.2184 996.277
63.6717 1005.81
18.9816 862.623
49.5283 853.089
4
175.645 847.15
168.913 878.434
9.80548 844.193
16.5379 812.91
4
161.422 1108.6
129.763 1113.26
101.096 918.51
132.754 913.85
4
936.501 946.478
924.141 916.962
1062.5 859.022
1074.86 888.538
4
1035.42 1094.19
1003.74 1089.72
1029.02 910.583
1060.71 915.055
4
829.437 910.247
805.198 889.355
978.518 688.271
1002.76 709.163
4
670.023 342.776
663.872 311.373
884.677 268.124
890.828 299.527
4
782.065 1403.69
762.421 1378.43
940.035 1240.31
959.679 1265.57
4
615.926 1339.75
604.488 1309.87
872.134 1207.44
883.571 1237.33
4
981.708 1536
972.092 1566.52
757.492 1498.9
767.108 1468.38
4
1105.71 1517.36
1078.47 1534.14
959.15 1340.47
986.395 1323.69
4
840.403 735.594
810.298 746.442
708.597 464.206
738.702 453.358
4
1022.68 676.84
1001.2 700.563
800.826 519.168
822.302 495.445
4
1065.09 820.434
1033.57 814.88
1069.82 609.219
1101.33 614.773
4
0 0
0 1600
1600 1600
1600 0
