30
35
4
230.056 1433.09
204.433 1413.92
384.144 1173.71
409.767 1192.88
4
48.178 1221.26
47.0328 1189.28
331.55 1179.1
332.696 1211.07
4
417.27 1459.85
387.714 1447.58
502.523 1170.87
532.08 1183.14
4
641.105 778.288
609.683 784.345
567.095 563.412
598.517 557.355
4
801.649 803.954
798.779 835.825
505.112 809.374
507.983 777.503
4
524.428 864.827
513.197 894.791
365.744 839.523
376.975 809.559
4
241.451 1138.69
224.971 1111.26
353.549 1034.01
370.029 1061.44
4
123.724 949.5
91.8958 946.185
122.976 647.8
154.804 651.115
4
1105.72 1338.91
1085.31 1363.56
854.275 1172.19
874.688 1147.54
4
42.7049 1049.38
32.936 1018.91
247.195 950.22
256.964 980.692
4
112.974 1154.35
94.003 1128.58
312.114 968.013
331.085 993.783
4
1304.75 354.71
1288.33 327.244
1481.45 211.79
1497.87 239.256
4
1290.75 356.242
1259.72 364.084
1204.99 147.559
1236.02 139.717
4
307.988 624.501
285.469 647.237
125.612 488.899
148.131 466.163
4
1354.47 721.813
1322.67 725.427
1305.73 576.387
1337.53 572.773
4
1327.63 795.138
1320.59 763.921
1473.79 729.393
1480.82 760.61
4
1238.51 1538.66
1213.51 1558.64
1073.09 1382.84
1098.09 1362.86
4
1191.39 1424.04
1165.56 1405.15
1280.58 1247.82
1306.42 1266.71
4
1120.56 1049.88
1097.23 1071.78
943.242 907.723
966.574 885.823
4
1077.65 1250.05
1050.48 1266.95
917.256 1052.67
944.432 1035.78
4
1531.7 1259.04
1500.37 1252.55
1530.8 1105.66
1562.13 1112.15
4
810.187 390.323
792.308 363.784
916.713 279.977
934.592 306.516
4
127.166 1585.29
95.5117 1589.98
62.5339 1367.41
94.1883 1362.72
4
127.502 1501.88
118.81 1471.08
283.685 1424.55
292.377 1455.35
4
344.296 1501.61
312.543 1497.65
333.444 1330.23
365.197 1334.19
4
1429.48 415.058
1420.56 384.325
1564.62 342.542
1573.54 373.275
4
1320.28 443.777
1300.59 418.547
1464.82 290.423
1484.5 315.653
4
1333.38 562.236
1323.54 531.789
1582.28 448.122
1592.13 478.57
4
596.222 504.375
574.709 480.686
741.278 329.425
762.791 353.114
4
798.366 571.378
775.591 593.857
659.02 475.752
681.794 453.273
4
966.016 128.681
944.548 104.95
1055.78 4.31925
1077.25 28.0495
4
1449.31 135.756
1431.52 109.16
1556.19 25.7443
1573.98 52.3399
4
596.911 1454.17
576.391 1429.61
806.589 1237.23
827.109 1261.79
4
909.784 632.508
900.245 601.963
1115.02 534.892
1124.55 565.437
4
985.241 778.787
957.891 795.4
861.879 637.342
889.228 620.728
4
0 0
0 1600
1600 1600
1600 0
