30
35
4
1162.39 585.823
1156.97 554.285
1378.71 516.177
1384.13 547.715
4
1206.14 1046.23
1174.17 1044.92
1186.46 745.17
1218.43 746.482
4
1151.58 1269.08
1126.99 1289.55
935.016 1059.02
959.606 1038.55
4
941.451 1476.59
915.273 1458.19
1068.24 1240.61
1094.42 1259.02
4
622.42 1053.03
591.97 1062.87
522.78 848.771
553.23 838.931
4
574.344 1102.78
552.593 1126.25
387.556 973.321
409.307 949.849
4
344.934 935.125
344.19 903.134
501.768 899.472
502.511 931.463
4
685.238 777.571
653.319 779.855
637.262 555.429
669.181 553.145
4
560.484 846.94
560.343 814.94
749.911 814.107
750.052 846.106
4
797.304 913.308
787.937 943.907
593.546 884.399
602.913 853.8
4
196.42 1482.56
195.023 1450.59
344.88 1444.04
346.277 1476.01
4
408.691 1446.32
384.082 1466.78
278.729 1340.03
303.338 1319.57
4
395.989 1542.82
369.066 1525.52
477.818 1356.23
504.742 1373.53
4
478.399 398.858
448.167 388.369
546.501 104.942
576.733 115.431
4
480.822 236.933
454.535 255.181
318.131 58.6783
344.419 40.4307
4
343.84 387.538
315.497 402.393
183.505 150.562
211.848 135.707
4
432.704 718.662
422.39 748.954
209.396 676.438
219.71 646.146
4
236.143 828.405
206.017 839.197
124.035 610.333
154.16 599.541
4
81.4283 654.018
50.3035 646.585
112.02 388.142
143.145 395.575
4
1277.58 467.251
1245.75 463.915
1277.02 165.549
1308.85 168.885
4
1186.52 213.058
1157.72 199.108
1249.93 8.73545
1278.73 22.6852
4
989.545 599.502
986.065 631.312
836.955 614.998
840.435 583.188
4
825.639 662.147
793.744 659.562
805.861 510.053
837.756 512.638
4
950.767 453.216
946.848 484.975
736.464 459.01
740.384 427.25
4
847.722 977.472
830.237 950.671
1018.68 827.728
1036.16 854.529
4
1110.44 841.938
1090.43 866.906
922.153 732.008
942.168 707.04
4
1054.33 763.142
1049.6 731.493
1286.68 696.097
1291.4 727.746
4
115.687 1354.42
88.8562 1371.85
7.11292 1246.08
33.9438 1228.65
4
1370.61 123.677
1367.84 91.7975
1591.99 72.3225
1594.76 104.202
4
1499.75 204.312
1483.91 232.117
1309.77 132.916
1325.61 105.111
4
1562.41 411.454
1530.42 410.664
1535.52 203.997
1567.51 204.786
4
4.54837 287.09
3.97566 255.095
153.952 252.41
154.524 284.405
4
63.0233 382.104
60.8646 350.177
264.565 336.404
266.723 368.331
4
389.363 377.96
358.518 386.482
302.255 182.836
333.099 174.314
4
1147.32 548.023
1123.23 569.089
1024.48 456.177
1048.57 435.111
4
0 0
0 1600
1600 1600
1600 0
