30
35
4
455.087 572.36
426.192 586.11
329.513 382.94
358.408 369.19
4
345.215 346.86
334.836 316.59
526.431 250.894
536.81 281.164
4
321.76 322.356
289.997 326.239
266.533 134.334
298.296 130.45
4
1290.4 646.071
1258.6 649.675
1241.7 500.629
1273.5 497.025
4
441.344 600.636
422.87 626.764
239.156 496.864
257.63 470.736
4
446.315 791.762
417.622 777.596
496.04 618.764
524.733 632.931
4
611.467 842.398
605.108 873.76
362.661 824.603
369.02 793.242
4
967.308 404.359
962.096 372.786
1184.09 336.141
1189.3 367.714
4
1268.16 291.315
1256.02 320.919
1019.22 223.752
1031.36 194.148
4
612.374 1279.8
597.978 1251.22
798.926 1150
813.322 1178.58
4
957.828 410.641
940.664 437.648
750.772 316.959
767.936 289.952
4
736.032 451.4
705.92 462.229
610.944 198.139
641.056 187.309
4
677.477 582.095
655.201 605.069
476.875 432.168
499.15 409.194
4
1282.17 1129.98
1257.48 1150.34
1162.03 1034.62
1186.72 1014.26
4
447.511 110.909
445.523 78.9708
670.089 64.9911
672.077 96.9292
4
780.202 864.965
748.385 861.55
772.398 637.835
804.215 641.25
4
710.83 918.12
679.099 913.986
705.063 714.67
736.795 718.804
4
1362.54 1072.47
1343.74 1098.36
1222.36 1010.23
1241.16 984.337
4
1273.04 1254.83
1250.17 1232.45
1450.01 1028.21
1472.88 1050.59
4
1407.65 1359.65
1394 1330.71
1534.74 1264.36
1548.39 1293.3
4
878.707 358.231
858.621 333.319
975.393 239.169
995.479 264.081
4
879.827 303.132
848.668 295.846
892.462 108.553
923.622 115.839
4
1283.43 247.829
1282.39 215.846
1507.27 208.571
1508.31 240.554
4
1596.9 240.592
1572.96 261.823
1465.99 141.202
1489.93 119.97
4
1419.49 350.85
1401.69 324.255
1532.07 237.019
1549.86 263.614
4
926.236 1100.52
895.36 1092.11
934.764 947.381
965.64 955.787
4
820.487 1265.31
800.866 1240.03
990.448 1092.88
1010.07 1118.16
4
1389 1456.44
1367.37 1480.03
1256.8 1378.66
1278.43 1355.07
4
303.073 1140.51
276.832 1122.2
448.527 876.188
474.768 894.502
4
643.774 1015.4
642.93 1047.39
454.415 1042.41
455.26 1010.42
4
782.824 196.715
751.374 190.805
779.076 43.3852
810.526 49.2949
4
715.966 277.815
683.997 279.236
673.243 37.2996
705.212 35.8786
4
299.223 779.222
273.498 798.254
95.0768 557.078
120.802 538.046
4
864.835 582.251
835.056 570.537
889.965 430.949
919.744 442.663
4
816.831 728.737
799.262 701.992
1034.52 547.451
1052.09 574.197
4
0 0
0 1600
1600 1600
1600 0
