30
35
4
760.001 392.846
735.921 371.772
884.099 202.454
908.179 223.528
4
1114.98 576.553
1084.19 567.856
1165.72 279.147
1196.51 287.844
4
1090.34 366.088
1076.02 394.708
928.872 321.103
943.187 292.483
4
1088.79 677.944
1057.64 685.239
1000.64 441.817
1031.8 434.522
4
905.14 1297.05
875.138 1308.18
822.96 1167.55
852.962 1156.42
4
241.597 1407.39
209.663 1405.34
224.103 1180.81
256.037 1182.86
4
232.621 1440.86
213.528 1466.54
63.1918 1354.77
82.2848 1329.09
4
126.617 1554.58
116.983 1524.07
371.893 1443.58
381.528 1474.1
4
1208.29 734.593
1202.49 766.063
981.213 725.307
987.009 693.837
4
888.684 1425.7
861.615 1408.63
981.616 1218.3
1008.69 1235.37
4
1027.3 1434.47
996.269 1426.64
1036.18 1268.53
1067.21 1276.36
4
1314.42 61.5729
1304.53 92.005
1161.88 45.6271
1171.77 15.195
4
757.494 601.868
725.719 598.074
743.506 449.132
775.281 452.926
4
732.33 769.834
705.604 752.235
829.924 563.441
856.65 581.04
4
1434.31 202.532
1403.08 209.485
1370.49 63.0675
1401.72 56.1153
4
1470 253.639
1440.93 240.252
1536.53 32.6839
1565.6 46.0704
4
1071.22 1095.61
1070.55 1127.6
920.584 1124.49
921.248 1092.5
4
992.318 186.956
973.581 212.897
730.382 37.2439
749.119 11.3027
4
545.801 268.28
533.367 238.795
802.853 125.146
815.287 154.631
4
425.212 988.828
400.272 1008.88
306.288 891.972
331.228 871.922
4
396.259 1124.96
383.17 1095.76
567.914 1012.95
581.003 1042.15
4
433.813 1043.21
421.314 1013.75
667.807 909.159
680.306 938.616
4
526.326 935.511
500.212 954.005
370.174 770.389
396.288 751.895
4
271.328 897.099
243.377 881.518
387.394 623.162
415.345 638.743
4
1459.47 1215.11
1441.62 1188.54
1566.13 1104.89
1583.98 1131.46
4
1351.24 1182.56
1341.61 1152.04
1500.32 1101.93
1509.96 1132.44
4
1453.62 814.933
1448.69 846.552
1300.48 823.467
1305.41 791.848
4
1269.54 616.309
1238.7 624.85
1198.66 480.291
1229.5 471.75
4
1348.88 624.123
1317.64 631.046
1273.36 431.189
1304.6 424.266
4
1350.1 464.631
1318.77 458.12
1356.15 278.258
1387.48 284.769
4
154.355 966.798
123.228 974.22
53.6447 682.402
84.7721 674.98
4
38.3082 845.537
6.37945 843.403
25.2582 560.938
57.1869 563.072
4
166.937 748.471
136.852 759.376
37.3228 484.793
67.4074 473.888
4
1342.37 966.787
1333.92 935.923
1550.93 876.513
1559.38 907.377
4
1339.69 1046.45
1314.87 1066.66
1212.36 940.772
1237.18 920.566
4
0 0
0 1600
1600 1600
1600 0
