30
35
4
725.109 761.205
698.202 743.884
819.991 554.695
846.898 572.016
4
802.984 177.658
795.146 208.683
649.716 171.942
657.554 140.917
4
1351.04 1146.25
1319.52 1151.8
1267.46 856.352
1298.98 850.799
4
1207.23 1129.93
1175.54 1125.5
1216.17 835.019
1247.86 839.451
4
1587.6 357.966
1566.35 381.897
1342 182.734
1363.25 158.803
4
1298.27 386.722
1274.51 365.28
1377.72 250.951
1401.47 272.393
4
323.461 1327.49
294.048 1314.88
353.139 1177.01
382.552 1189.62
4
431.898 1507.61
406.184 1526.66
234.996 1295.56
260.709 1276.52
4
361.591 1399.41
338.733 1377.01
538.68 1172.91
561.539 1195.31
4
922.552 1521.57
890.561 1522.29
887.148 1372.33
919.139 1371.61
4
846.367 1532.53
815.193 1539.76
779.849 1387.29
811.022 1380.07
4
127.433 1569.99
95.9397 1575.66
42.767 1280.41
74.2603 1274.74
4
134.169 1447.95
115.328 1422.08
251.386 1322.97
270.227 1348.84
4
1393.72 690.079
1372.06 666.525
1537.68 514.221
1559.34 537.775
4
937.128 890.5
905.841 897.217
842.872 603.9
874.159 597.183
4
910.554 681.672
897.676 652.377
1104.35 561.524
1117.23 590.818
4
1043.93 680.89
1032.3 651.079
1311.77 542.01
1323.4 571.821
4
1093.36 530.822
1084.36 500.114
1280.27 442.693
1289.27 473.402
4
1188.35 761.861
1174.39 790.654
997.058 704.653
1011.02 675.86
4
345.12 946.414
341.071 978.157
117.88 949.686
121.929 917.943
4
496.983 936.385
472.587 957.093
348.998 811.495
373.394 790.787
4
1537.3 1397.34
1528.6 1428.14
1239.9 1346.56
1248.6 1315.76
4
316.169 1200.92
289.768 1182.84
374.531 1059.08
400.932 1077.16
4
244.461 1128.04
225.344 1102.38
404.808 968.693
423.925 994.355
4
256.827 459.932
226.16 469.071
140.473 181.568
171.14 172.429
4
688.592 1267.81
680.765 1236.78
826.208 1200.09
834.035 1231.12
4
731.192 1358.64
718.581 1388.05
515.292 1300.88
527.903 1271.47
4
432.381 1450.93
429.501 1419.06
651.661 1398.99
654.541 1430.86
4
611.533 844.308
579.766 840.454
606.867 617.092
638.634 620.946
4
1501.99 252.477
1472.35 240.409
1557.21 32.0231
1586.85 44.0914
4
932.159 492.638
923.36 523.405
779.141 482.162
787.94 451.395
4
1013.91 589.987
984.895 603.482
908.896 440.082
937.911 426.587
4
741.254 557.704
711.479 545.98
817.428 276.887
847.203 288.61
4
1260.74 312.566
1232.82 328.199
1086.26 66.4337
1114.18 50.8009
4
1119.05 482.774
1087.89 475.528
1128.38 301.344
1159.55 308.591
4
0 0
0 1600
1600 1600
1600 0
