30
35
4
1569.94 782.778
1543.99 801.493
1456.26 679.822
1482.21 661.107
4
1482.44 480.534
1453.42 494.002
1327.16 221.866
1356.18 208.398
4
1352.88 343.417
1328.79 364.475
1178.51 192.532
1202.6 171.473
4
988.253 890.214
966.941 914.084
855.047 814.186
876.359 790.316
4
964.231 1064.25
948.332 1036.47
1165.15 912.338
1181.05 940.108
4
938.049 441.699
936.713 409.726
1236.45 397.201
1237.79 429.174
4
1402.26 1213.48
1372.08 1202.84
1471.84 919.915
1502.02 930.556
4
1581.74 1254.53
1578.33 1286.35
1379.47 1265.04
1382.88 1233.22
4
544.339 1192.12
512.82 1186.6
551.661 964.977
583.18 970.501
4
676.611 1045.71
649.215 1062.25
513.552 837.484
540.949 820.948
4
522.834 1312.79
496.708 1294.32
637.021 1095.94
663.147 1114.42
4
792.45 1396.72
770.298 1419.82
662.05 1315.98
684.202 1292.88
4
836.862 1358.48
807.321 1346.18
901.213 1120.69
930.755 1132.99
4
928.973 540.962
901.195 556.848
826.727 426.638
854.505 410.752
4
947.674 1412.91
917.492 1402.27
967.326 1260.79
997.508 1271.43
4
846.586 1127.34
840.81 1095.87
1062.11 1055.26
1067.89 1086.73
4
860.056 1063.56
849.961 1093.93
697.485 1043.24
707.58 1012.87
4
1361.71 1191.66
1330.7 1183.74
1386.39 965.74
1417.4 973.661
4
1011.36 1488.16
1002.22 1457.49
1289.74 1371.84
1298.88 1402.51
4
394.469 328.106
382.564 298.403
661.031 186.794
672.936 216.497
4
660.803 432.585
633.141 416.498
753.327 209.835
780.989 225.922
4
863.705 383.826
832.92 392.561
789.07 238.011
819.854 229.276
4
181.242 867.206
157.733 845.497
361.258 625.094
384.767 646.803
4
1003.49 902.984
997.219 871.604
1144.31 842.216
1150.58 873.596
4
1195.34 827.253
1180.75 855.737
958.571 741.973
973.155 713.49
4
997.878 823.687
975.871 846.918
857.663 734.942
879.67 711.71
4
1495.84 389.265
1465.91 400.603
1412.76 260.335
1442.69 248.997
4
210.377 156.409
184.742 137.256
274.523 17.0912
300.158 36.2443
4
22.2655 1281.23
0.849735 1257.45
168.034 1106.87
189.45 1130.65
4
555.299 210.472
524.972 220.684
477.101 78.5282
507.428 68.3157
4
719.827 78.0879
712.194 109.164
441.51 42.6763
449.143 11.6
4
784.414 893.614
754.025 883.592
847.986 598.686
878.375 608.708
4
157.757 897.059
131.407 915.216
3.74286 729.941
30.0931 711.784
4
217.922 688.084
194.645 666.125
297.578 557.016
320.855 578.975
4
177.844 602.219
156.91 578.016
378.662 386.218
399.595 410.42
4
0 0
0 1600
1600 1600
1600 0
