30
35
4
823.417 378.395
794.492 392.081
666.183 120.905
695.108 107.219
4
713.12 664.138
682.171 672.272
624.98 454.662
655.929 446.528
4
764.914 368.181
760.884 399.927
514.506 368.655
518.535 336.91
4
945.057 1119.65
914.308 1110.79
955.843 966.652
986.592 975.513
4
1538.15 1385.79
1511.65 1403.73
1343.45 1155.31
1369.95 1137.37
4
1348.26 1334.66
1323.84 1355.34
1206.14 1216.42
1230.55 1195.73
4
818.347 591.978
813.433 560.357
961.653 537.322
966.567 568.943
4
1020.82 611.892
990.452 601.793
1040.54 451.203
1070.9 461.302
4
1119.14 680.868
1087.18 682.61
1075.06 460.295
1107.02 458.553
4
279.987 1018.46
273.47 1049.79
126.613 1019.24
133.13 987.913
4
1247.65 265.366
1225.1 288.073
1065.45 129.534
1088 106.827
4
1046.23 265.304
1017.94 280.266
933.425 120.477
961.712 105.515
4
1071.9 297.341
1064.04 328.359
845.2 272.854
853.067 241.837
4
332.761 1487.47
304.474 1502.43
234.339 1369.83
262.626 1354.87
4
398.625 1486.1
367.461 1478.84
418.859 1258.4
450.023 1265.67
4
1197.38 1356.51
1189.92 1387.63
971.119 1335.19
978.576 1304.07
4
330.774 283.097
327.653 314.945
103.726 293.003
106.847 261.155
4
752.122 508.213
746.851 476.65
968.778 439.587
974.049 471.15
4
818.185 1447.45
818.115 1415.45
1043.11 1414.95
1043.18 1446.95
4
902.861 1570.74
888.295 1542.25
1131.99 1417.67
1146.55 1446.16
4
775.855 1456.98
749.285 1439.15
897.488 1218.34
924.058 1236.17
4
617.767 1335.81
591.152 1318.05
674.433 1193.29
701.048 1211.05
4
548.73 1220.37
538.722 1189.97
785.989 1108.55
795.996 1138.95
4
799.096 645.346
793.4 613.858
941.004 587.154
946.7 618.642
4
417.393 277.806
393.632 256.371
494.107 144.994
517.868 166.429
4
677.384 154.13
657.771 179.415
476.739 38.9916
496.352 13.7067
4
1305.1 725.28
1284.09 701.143
1453.8 553.42
1474.81 577.557
4
523.534 388.236
506.95 415.603
378.666 337.864
395.25 310.497
4
369.94 512.12
362.171 481.077
545.648 435.158
553.417 466.201
4
82.9307 502.975
67.9284 474.71
266.669 369.225
281.672 397.49
4
324.405 906.554
311.417 877.308
585.595 755.546
598.583 784.792
4
305.14 792.991
300.345 761.352
515.048 728.814
519.843 760.452
4
63.118 1481.76
31.9955 1474.32
66.882 1328.44
98.0045 1335.88
4
1233.55 247.313
1213.77 222.157
1390.65 83.0874
1410.43 108.243
4
1164.09 980.906
1135.04 994.328
1009.21 721.994
1038.26 708.572
4
0 0
0 1600
1600 1600
1600 0
