30
35
4
1292.44 1025.21
1288.77 1057
1139.76 1039.79
1143.43 1008
4
499.185 534.011
492.68 502.679
786.415 441.689
792.92 473.021
4
1413.07 951.741
1385.03 967.172
1276.53 770.059
1304.57 754.628
4
1188.7 867.196
1159.48 854.158
1249.24 652.984
1278.46 666.023
4
1168.5 368.95
1155.87 339.548
1293.7 280.35
1306.33 309.752
4
1271.73 282.877
1265.57 251.475
1438.92 217.464
1445.08 248.866
4
1545.74 172.271
1530.34 200.321
1398.86 128.129
1414.26 100.079
4
573.385 624.785
567.658 593.301
862.815 539.615
868.542 571.099
4
536.367 721.513
529.822 690.189
822.687 628.996
829.232 660.319
4
1014.88 503.816
997.629 530.769
846.159 433.83
863.408 406.877
4
785.276 810.179
767.842 783.346
893.624 701.621
911.058 728.454
4
848.546 871.353
826.437 848.218
984.54 697.133
1006.65 720.268
4
1335.87 1415.71
1324.57 1445.65
1184.23 1392.69
1195.53 1362.75
4
1364 1379.97
1333.73 1390.36
1271.98 1210.53
1302.24 1200.14
4
1167.33 476.004
1139.21 491.285
1031.77 293.596
1059.89 278.315
4
572.248 1139.72
548.854 1117.89
753.552 898.576
776.946 920.41
4
420.296 1027.94
419.402 995.952
575.626 991.585
576.52 1023.57
4
419.258 1095.68
387.5 1099.61
364.258 911.483
396.017 907.559
4
63.3466 352.354
38.8538 331.761
183.653 159.546
208.146 180.139
4
139.213 164.66
109.383 176.243
48.1744 18.5982
78.0048 7.01597
4
147.602 296.646
145.413 264.721
361.566 249.902
363.754 281.827
4
1230.5 1221.87
1203.32 1204.99
1322 1013.83
1349.18 1030.71
4
1495.9 1284.93
1473.2 1307.49
1297.9 1131.11
1320.6 1108.55
4
460.148 69.3213
458.409 101.274
158.852 84.9787
160.591 53.0259
4
430.305 264.44
402.099 249.326
503.321 60.4157
531.528 75.5291
4
1039.63 756.294
1007.64 755.455
1011.57 605.506
1043.56 606.345
4
1392.47 742.022
1363.41 755.417
1269.23 551.078
1298.29 537.683
4
1505.24 705.414
1473.49 709.338
1438.99 430.135
1470.75 426.212
4
1065.07 1452.71
1033.36 1456.96
1013.43 1308.29
1045.14 1304.04
4
859.238 1405.31
849.996 1374.68
1009.16 1326.67
1018.4 1357.3
4
1169.48 1387.14
1138.09 1393.34
1106.11 1231.3
1137.51 1225.1
4
803.306 1176.28
775.474 1160.49
849.494 1030.02
877.326 1045.81
4
677.077 1277.05
662.97 1248.33
922.603 1120.81
936.71 1149.53
4
151.491 1524.32
119.53 1525.9
108.409 1301.18
140.37 1299.6
4
241.73 1344.75
212.503 1357.78
116.624 1142.69
145.851 1129.67
4
0 0
0 1600
1600 1600
1600 0
