30
35
4
1169.65 674.757
1139.17 665.021
1230.45 379.243
1260.93 388.979
4
1010.33 372.029
1002.51 340.999
1202.22 290.684
1210.04 321.714
4
1079.35 319.468
1048.8 328.983
982.14 114.932
1012.69 105.418
4
268.371 239.274
257.84 209.057
541.129 110.326
551.66 140.543
4
690.393 333.439
672.025 359.642
481.346 225.981
499.714 199.778
4
1336.72 688.683
1306.93 676.998
1416.48 397.717
1446.27 409.402
4
1565.93 415.127
1542.79 437.231
1423.19 312.033
1446.32 289.929
4
1480.13 378.115
1461.47 404.115
1282.56 275.747
1301.22 249.747
4
149.305 1004.9
117.343 1003.35
131.895 703.7
163.857 705.253
4
345.603 503.634
326.981 529.657
204.997 442.366
223.619 416.343
4
467.144 410.202
446.6 434.737
262.821 280.85
283.365 256.315
4
805.736 938.026
791.628 909.303
926.264 843.174
940.372 871.897
4
680.639 1039.66
654.192 1021.64
750.83 879.787
777.277 897.803
4
689.534 1085
681.298 1115.93
460.69 1057.16
468.927 1026.24
4
984.106 1393.84
979.55 1362.17
1276.49 1319.46
1281.05 1351.13
4
591.98 964.715
569.618 987.605
462.32 882.785
484.682 859.895
4
558.905 896.256
550.427 865.399
756.783 808.698
765.262 839.554
4
1063.27 1255.63
1059.79 1287.44
836.127 1262.97
839.608 1231.16
4
437.754 1274.25
408.816 1260.59
472.846 1124.95
501.784 1138.61
4
1443.66 1451.48
1412.07 1446.35
1460.14 1150.22
1491.73 1155.35
4
1512.05 1477.61
1509.67 1509.52
1294.3 1493.46
1296.68 1461.55
4
1365.3 1561.75
1343.81 1585.46
1192 1447.87
1213.49 1424.16
4
124.094 1475.86
93.0651 1468.04
166.406 1177.14
197.435 1184.96
4
322.229 1439.46
316.275 1470.9
159.727 1441.25
165.682 1409.81
4
664.016 777.17
635.743 792.158
565.484 659.63
593.757 644.642
4
559.567 835.077
530.935 849.369
420.243 627.616
448.875 613.324
4
813.859 666.447
785.17 652.272
884.841 450.553
913.53 464.728
4
980.906 751.733
951.989 765.438
885.045 624.183
913.962 610.479
4
808.793 458.341
779.546 445.357
840.407 308.259
869.654 321.243
4
680.815 583.161
651.121 571.232
762.421 294.177
792.114 306.106
4
666.357 510.59
637.224 523.829
574.22 385.194
603.353 371.955
4
1508.33 1077.9
1493.08 1106.03
1295.27 998.8
1310.52 970.668
4
317.662 610.199
313.662 641.948
164.838 623.201
168.838 591.452
4
508.896 1524.33
491.893 1497.22
682.504 1377.67
699.507 1404.78
4
679.461 1549.5
651.579 1533.8
727.876 1398.33
755.758 1414.03
4
0 0
0 1600
1600 1600
1600 0
