30
35
4
1513.84 1215.12
1487.95 1233.92
1311.66 991.185
1337.55 972.38
4
1268.93 1275.55
1237.77 1268.29
1286.52 1058.9
1317.69 1066.16
4
1115.2 1204.71
1090.67 1184.16
1212.93 1038.2
1237.46 1058.75
4
641.924 1158.62
639.515 1126.72
863.876 1109.78
866.285 1141.68
4
327.896 1348.25
315.573 1318.72
454.004 1260.95
466.327 1290.48
4
433.483 1269.41
416.48 1242.3
548.396 1159.56
565.399 1186.67
4
1112.39 791.223
1081.88 800.881
1036.61 657.877
1067.12 648.219
4
1062.06 849.36
1051.08 819.301
1269.93 739.389
1280.91 769.448
4
1281.09 352.977
1271.7 383.566
1128.31 339.523
1137.7 308.934
4
1078.15 509.989
1046.22 507.965
1062.44 251.949
1094.38 253.973
4
932.684 395.72
907.871 375.513
1042.17 210.595
1066.99 230.802
4
975.819 664.904
947.024 678.863
848.881 476.396
877.676 462.437
4
787.648 757.502
786.774 725.514
1026.37 718.967
1027.24 750.955
4
581.623 473.435
575.472 442.031
869.877 384.365
876.028 415.769
4
755.853 638.58
724.721 645.983
681.267 463.233
712.399 455.83
4
452.495 725.045
420.998 730.697
394.505 583.055
426.002 577.403
4
488.649 1574.27
457.199 1568.36
498.751 1347.23
530.201 1353.14
4
531.026 1556.56
521.602 1525.98
677.12 1478.05
686.544 1508.63
4
243.265 1295
211.984 1288.25
275.235 994.998
306.516 1001.75
4
382.993 928.407
373.732 959.037
229.677 915.482
238.938 884.852
4
392.855 1248.66
365.621 1231.86
523.145 976.541
550.379 993.343
4
692.499 1313.13
663.275 1326.17
541.471 1053.16
570.694 1040.12
4
442.722 1007.07
411.322 1000.91
454.678 780.125
486.078 786.291
4
1194.73 1265.67
1165.12 1253.55
1250.37 1045.33
1279.98 1057.45
4
268.375 1529.58
252.993 1501.52
384.525 1429.42
399.907 1457.48
4
375.405 1395.13
368.496 1426.38
173.013 1383.15
179.922 1351.91
4
103.618 1591.49
86.7515 1564.29
290.364 1438.01
307.231 1465.2
4
932.112 1325.43
905.326 1307.93
987.388 1182.37
1014.17 1199.87
4
905.245 1151.23
903.106 1119.3
1114.34 1105.15
1116.48 1137.08
4
884.132 1357.19
852.741 1350.97
883.694 1194.65
915.085 1200.87
4
109.947 665.367
88.4861 641.63
199.753 541.033
221.214 564.77
4
184.371 312.29
152.778 307.202
176.629 159.11
208.222 164.198
4
465.421 286.651
443.503 263.336
662.079 57.8494
683.997 81.1641
4
1049.23 1511.22
1028.73 1486.65
1201.47 1342.48
1221.97 1367.05
4
1299.2 1318.23
1292.41 1349.5
1072.57 1301.83
1079.35 1270.56
4
0 0
0 1600
1600 1600
1600 0
