30
35
4
459.937 1572.95
441.217 1598.9
319.563 1511.15
338.283 1485.2
4
686.464 723.469
679.006 754.588
533.136 719.631
540.594 688.512
4
393.338 676.535
388.504 644.902
664.45 602.728
669.284 634.361
4
1408.23 959.213
1398.47 989.688
1112.77 898.187
1122.53 867.712
4
1401.02 498.748
1370.58 508.626
1324.28 365.952
1354.72 356.074
4
1321.35 635.618
1289.94 641.725
1250.46 438.617
1281.87 432.51
4
558.969 1302.21
554.532 1333.9
257.431 1292.29
261.868 1260.6
4
633.147 1228.29
613.614 1253.64
461.179 1136.16
480.713 1110.81
4
1204.54 1430.47
1190.9 1459.42
987.359 1363.53
1001 1334.58
4
1081.67 782.149
1052.78 768.389
1149.53 565.251
1178.42 579.011
4
1108.15 631.955
1091.8 659.462
879.257 533.114
895.609 505.608
4
574.031 398.239
545.545 412.818
408.869 145.761
437.355 131.182
4
468.263 116.272
457.362 86.1856
617.219 28.2682
628.119 58.3544
4
1083.66 1124.76
1062.26 1148.56
894.941 998.136
916.335 974.338
4
502.173 1031.39
473.803 1046.19
369.727 846.71
398.097 831.908
4
304.256 1069.41
272.455 1065.85
298.827 830.605
330.628 834.17
4
834.667 348.016
803.69 339.989
860.133 122.184
891.11 130.211
4
953.514 262.418
953.514 12.7583
985.514 12.7583
985.514 262.418
4
1005.84 368.262
977.779 352.875
1120.24 93.1091
1148.3 108.496
4
63.4624 1521.78
34.0818 1509.1
123.238 1302.52
152.618 1315.2
4
32.5549 1596.66
12.3135 1571.88
200 1418.6
220.241 1443.38
4
186.731 1595
179.842 1563.75
329.313 1530.8
336.202 1562.05
4
574.324 1054.21
542.365 1052.6
549.876 902.793
581.835 904.395
4
612.419 1082.04
584.561 1066.29
671.737 912.073
699.594 927.82
4
719.093 1200.96
700.033 1226.66
527.327 1098.59
546.387 1072.89
4
1226.32 229.11
1221.92 197.413
1519.08 156.19
1523.48 187.887
4
1431.77 335.784
1412.3 310.382
1561.24 196.278
1580.7 221.68
4
1198.59 393.322
1167.16 399.329
1131.14 210.891
1162.57 204.883
4
204.147 244.784
174.476 232.799
230.653 93.7162
260.324 105.701
4
246.288 263.02
223.612 240.44
330.195 133.406
352.87 155.986
4
129.904 297.433
100.363 285.132
164.417 131.3
193.958 143.601
4
730.165 592.065
710.992 566.445
891.135 431.635
910.308 457.255
4
785.661 487.937
754.571 495.516
710.003 312.679
741.092 305.101
4
849.116 1058.8
817.376 1062.88
798.284 914.097
830.024 910.023
4
924.852 905.627
905.01 930.732
723.299 787.113
743.141 762.008
4
0 0
0 1600
1600 1600
1600 0
