30
35
4
1262 654.473
1260.45 686.435
960.802 671.927
962.349 639.965
4
1395.04 613.097
1393.37 645.053
1170.2 633.405
1171.87 601.449
4
650.673 789.329
639.583 819.346
428.527 741.371
439.617 711.354
4
687.561 1007.56
666.771 1031.89
552.739 934.438
573.529 910.111
4
934.358 1074.62
912.366 1097.86
694.442 891.684
716.434 868.439
4
849.851 1154.61
841.121 1123.82
1052.49 1063.88
1061.22 1094.67
4
707.997 1244.33
697.808 1214
875.023 1154.47
885.212 1184.81
4
400.348 884.629
369.684 893.778
305.352 678.171
336.016 669.022
4
204.402 833.02
174.454 821.747
268.155 572.818
298.103 584.091
4
632.771 317.753
612.819 292.735
788.729 152.447
808.681 177.465
4
688.55 328.706
676.599 299.022
841.416 232.662
853.368 262.347
4
764.331 489.055
736.206 473.792
843.593 275.919
871.718 291.183
4
1588.86 1075.83
1581.83 1107.05
1362.34 1057.57
1369.37 1026.35
4
1319.59 1122.14
1287.77 1118.78
1318.44 827.881
1350.26 831.236
4
1115.25 1232.7
1094.79 1257.3
979.452 1161.4
999.911 1136.8
4
1221.09 1112.34
1190.63 1122.14
1121.71 907.959
1152.17 898.157
4
1141.37 1487.34
1133.6 1456.3
1424.63 1383.46
1432.4 1414.5
4
1091.2 1475.98
1063.13 1460.61
1201.04 1208.76
1229.11 1224.13
4
1082.96 1362.31
1058.35 1382.76
898.941 1190.85
923.557 1170.4
4
993.028 892.448
980.593 921.933
704.172 805.352
716.607 775.867
4
944.838 706.504
938.548 737.879
690.876 688.23
697.165 656.854
4
971.592 1042.61
943.74 1058.37
852.797 897.598
880.65 881.843
4
16.5941 654.268
2.93013 625.332
274.206 497.232
287.87 526.168
4
135.254 450.047
131.096 418.318
320.828 393.453
324.986 425.182
4
318.384 555.583
290.278 540.284
408.212 323.628
436.318 338.927
4
283.667 1212.61
274.637 1243.31
130.733 1200.99
139.763 1170.29
4
312.856 1280.98
282.094 1272.16
363.626 987.557
394.388 996.369
4
322.021 1064.68
302.439 1089.98
113.78 944.024
133.362 918.715
4
1219.84 1343.48
1202.31 1316.71
1453.26 1152.32
1470.79 1179.09
4
1454.86 608.978
1424.47 618.99
1377.54 476.522
1407.93 466.51
4
1547.35 573.33
1521.46 592.134
1429.82 465.96
1455.71 447.156
4
1377.58 471.051
1367.04 501.265
1223 451.012
1233.54 420.798
4
1106.93 453.195
1090.21 480.478
898.371 362.905
915.092 335.622
4
1539.55 272.205
1537 304.103
1237.95 280.195
1240.5 248.297
4
1462.97 224.753
1442.59 249.422
1325.56 152.736
1345.94 128.067
4
0 0
0 1600
1600 1600
1600 0
