30
35
4
1173.8 1171.99
1155.34 1145.85
1339.1 1016.01
1357.56 1042.15
4
1340.74 1173.32
1326 1144.92
1469.26 1070.55
1484 1098.95
4
1086.96 1345.03
1055 1343.53
1066.35 1101.9
1098.32 1103.4
4
861.823 365.193
860.045 397.143
710.277 388.807
712.055 356.857
4
585.249 403.285
572.38 373.986
823.102 263.864
835.971 293.163
4
785.119 554.059
764.691 529.427
922.71 398.378
943.138 423.009
4
594.055 1361.76
572.335 1338.26
792.645 1134.64
814.365 1158.14
4
19.4047 220.165
14.1038 188.607
235.995 151.335
241.296 182.893
4
250.251 295.455
239.302 325.523
41.5671 253.526
52.5155 223.457
4
1331.54 1496.89
1300.04 1491.3
1326.26 1343.61
1357.76 1349.2
4
1277.66 1548.74
1270.28 1517.6
1550.32 1451.24
1557.69 1482.38
4
1348.47 662.763
1319.15 649.954
1439.23 375.037
1468.55 387.846
4
216.647 1084.29
214.218 1052.38
513.353 1029.61
515.782 1061.52
4
578.231 1117.67
547.042 1124.83
512.066 972.434
543.255 965.276
4
634.491 1057.02
602.492 1056.76
603.922 878.435
635.92 878.692
4
224.835 489.548
216.832 458.565
362.065 421.052
370.068 452.035
4
205.884 637.227
188.533 610.339
397.706 475.364
415.056 502.252
4
332.469 692.719
330.711 724.67
116.145 712.863
117.903 680.912
4
474.044 1361
454.368 1335.76
690.956 1151.3
710.632 1176.54
4
562.681 1165.63
557.162 1134.11
808.917 1090.03
814.436 1121.55
4
995.279 1071.88
990.553 1103.53
706.216 1061.07
710.942 1029.42
4
1357.02 237.928
1344 267.157
1138.48 175.572
1151.5 146.343
4
1380.36 340.831
1362.95 367.68
1135.18 219.984
1152.59 193.134
4
761.826 701.361
746.984 673.012
879.874 603.439
894.716 631.788
4
807.252 1258.8
792.073 1230.63
990.148 1123.9
1005.33 1152.07
4
846.206 1380.21
822.915 1358.27
1007.09 1162.79
1030.38 1184.74
4
1105.53 1392.78
1077.86 1376.69
1153.27 1247.02
1180.94 1263.11
4
489.456 328.93
464.124 348.483
326.644 170.37
351.976 150.817
4
449.207 497.357
420.721 511.936
299.435 274.949
327.921 260.37
4
822.76 256.502
793.328 243.942
881.64 36.9978
911.072 49.5577
4
1029.46 477.168
1001.7 461.246
1076.34 331.132
1104.1 347.054
4
896.142 977.068
866.415 965.224
977.458 686.532
1007.19 698.376
4
720.886 817.623
703.074 791.039
868.064 680.493
885.876 707.077
4
1463.01 1302.79
1452.43 1332.99
1169.29 1233.81
1179.87 1203.61
4
1432.27 1205.76
1418.66 1176.8
1566.77 1107.2
1580.38 1136.16
4
0 0
0 1600
1600 1600
1600 0
