30
35
4
999.662 1048.36
978.849 1072.67
807.938 926.335
828.751 902.028
4
1186.92 196.537
1164.93 173.292
1328.38 18.6627
1350.37 41.9085
4
1435.25 268.967
1405.79 281.462
1320.69 80.8122
1350.15 68.3177
4
179.434 743.847
151.333 728.539
258.966 530.953
287.067 546.261
4
1286.16 1078.45
1254.22 1080.35
1240.84 855.75
1272.78 853.848
4
1418.44 607.597
1415.18 639.43
1191.36 616.503
1194.62 584.67
4
1470.59 562.363
1446.97 583.953
1322.05 447.299
1345.67 425.709
4
1300.8 400.019
1297.46 368.194
1524.02 344.418
1527.36 376.243
4
840.551 1534.56
825.098 1562.58
693.749 1490.14
709.202 1462.12
4
977.852 1468.41
963.69 1497.11
708.268 1371.05
722.431 1342.35
4
200.625 1492.35
168.655 1493.74
158.875 1268.95
190.845 1267.56
4
294.469 1306.62
272.238 1329.64
132.22 1194.39
154.452 1171.38
4
764.75 612.943
740.192 592.426
884.45 419.757
909.008 440.274
4
788.98 639.978
776.147 669.292
543.703 567.54
556.535 538.226
4
988.551 408.892
964.162 429.607
840.021 283.453
864.411 262.737
4
36.161 670.063
24.1349 640.409
163.139 584.037
175.165 613.691
4
342.26 1091.06
313.629 1105.35
213.14 904.039
241.771 889.748
4
391.745 887.349
377.241 915.873
160.099 805.464
174.602 776.94
4
173.066 1087.67
141.594 1093.46
89.508 810.362
120.98 804.572
4
1114.47 1218.63
1109.67 1186.99
1332.13 1153.27
1336.93 1184.91
4
1368.77 1257.24
1344.02 1236.96
1464.93 1089.34
1489.68 1109.62
4
1598.25 1114.57
1575.53 1137.1
1376.84 936.812
1399.56 914.276
4
622.008 534.157
599.482 511.428
759.292 353.043
781.818 375.772
4
385.828 1268.47
358.319 1252.13
511.572 994.225
539.081 1010.57
4
1057.23 1586.34
1025.72 1580.77
1077.97 1285.36
1109.48 1290.93
4
363.008 280.54
360.539 248.635
510.092 237.06
512.561 268.965
4
507.873 348.138
500.171 379.197
301.629 329.967
309.33 298.907
4
515.022 538.397
483.822 531.287
520.269 371.347
551.469 378.457
4
270.704 245.754
253.37 272.653
1.1961 110.146
18.5301 83.2474
4
320.733 394.985
299.213 418.667
133.072 267.693
154.593 244.011
4
762.566 272.38
733.197 285.087
673.634 147.42
703.003 134.713
4
811.575 67.4481
806.224 98.9975
644.805 71.6188
650.156 40.0694
4
783.927 203.446
769.201 175.036
989.747 60.7154
1004.47 89.1255
4
1383.6 1497.63
1360.1 1519.34
1258.3 1409.17
1281.8 1387.46
4
1456.4 1394.5
1443.27 1423.69
1225.72 1325.84
1238.85 1296.65
4
0 0
0 1600
1600 1600
1600 0
