30
35
4
1192.38 632.944
1165.48 615.606
1328.02 363.456
1354.92 380.794
4
925.438 1279.13
904.458 1303.29
734.562 1155.77
755.542 1131.61
4
646.221 1476.72
616.318 1465.32
702.237 1239.86
732.139 1251.26
4
1397.66 1124.55
1384.76 1153.83
1178.84 1063.15
1191.74 1033.87
4
1486 1054.04
1454.18 1057.5
1421.7 759.264
1453.52 755.799
4
1522.48 708.585
1521.21 740.56
1369.93 734.569
1371.2 702.594
4
1530.45 677.623
1516.06 706.206
1261.43 578.038
1275.81 549.454
4
377.758 1238.33
345.76 1237.96
348.342 1012.97
380.34 1013.34
4
359.406 1287.96
332.769 1305.7
192.195 1094.53
218.833 1076.79
4
57.93 1387.2
56.1223 1355.25
228.586 1345.5
230.394 1377.44
4
1265.14 412.686
1236.18 399.081
1299.96 263.314
1328.92 276.919
4
1261.27 422.913
1243.8 449.724
1082.97 344.935
1100.44 318.123
4
628.235 606.785
596.538 611.176
555.365 314.015
587.062 309.624
4
555.152 581.974
524.752 591.967
460.456 396.374
490.855 386.381
4
870.402 200.579
840.765 212.646
784.198 73.7214
813.835 61.6537
4
971.357 1298.42
955.031 1270.9
1084.04 1194.38
1100.37 1221.9
4
369.849 854.981
341.869 839.453
451.051 642.719
479.031 658.247
4
238.857 685.589
231.724 654.394
413.701 612.778
420.834 643.973
4
213.76 930.594
184.956 944.534
86.9398 742.006
115.744 728.066
4
260.006 903.444
228.282 899.251
255.035 696.861
286.759 701.055
4
1273.99 1365.95
1266.07 1334.95
1411.41 1297.85
1419.33 1328.85
4
1307.82 1442.65
1290.91 1469.82
1113.98 1359.69
1130.89 1332.52
4
764.865 997.386
741.152 1018.87
640.435 907.714
664.148 886.228
4
846.689 1064.01
839.183 1095.12
675.273 1055.57
682.779 1024.46
4
1365.01 1037.59
1333.54 1031.77
1374.39 810.515
1405.86 816.326
4
1370.85 1061.03
1353.92 1088.19
1156.23 964.968
1173.16 937.812
4
1352.8 261.551
1349.98 229.676
1574.1 209.849
1576.92 241.724
4
1187.98 208.231
1179.56 177.358
1366.91 126.26
1375.33 157.132
4
1244.29 325.228
1217.35 342.507
1099.43 158.679
1126.36 141.401
4
958.315 1202.78
943.92 1174.2
1077.88 1106.72
1092.28 1135.3
4
1260.24 1277.82
1255.11 1309.41
1055.88 1277.03
1061.01 1245.45
4
846.214 1169.95
817.984 1154.88
928.1 948.599
956.329 963.668
4
218.594 730.118
203.653 758.416
71.0063 688.382
85.9471 660.084
4
206.859 655.487
185.435 679.258
72.5084 577.478
93.9322 553.708
4
180.705 578.052
156.999 556.558
289.34 410.597
313.046 432.091
4
0 0
0 1600
1600 1600
1600 0
