30
40
4
1155.33 296.003
1126.22 282.717
1250.77 9.79669
1279.88 23.0827
4
485.886 338.454
465.474 313.81
696.514 122.446
716.926 147.09
4
615.336 490.132
591.13 469.201
763.637 269.695
787.843 290.625
4
487.362 573.718
455.484 570.922
475.138 346.782
507.016 349.578
4
410.853 655.061
402.152 624.267
606.001 566.668
614.702 597.462
4
507.528 747.609
496.571 717.543
658.235 658.626
669.192 688.692
4
739.956 1490.29
722.945 1463.19
977.044 1303.71
994.055 1330.81
4
634.018 1398.63
612.918 1374.58
789.957 1219.3
811.057 1243.36
4
299.78 74.9589
297.781 106.896
73.2202 92.8411
75.2192 60.9036
4
277.248 284.625
248.037 271.559
338.072 70.2781
367.283 83.3443
4
1466.91 527.875
1435.83 520.256
1489.39 301.725
1520.47 309.344
4
1597.69 565.622
1565.92 569.516
1536.76 331.642
1568.53 327.748
4
1311.95 490.271
1284.12 474.471
1428.84 219.575
1456.67 235.375
4
793.517 148.62
790.818 116.734
940.283 104.08
942.982 135.966
4
294.622 1240.87
262.733 1238.21
275.178 1088.73
307.067 1091.39
4
148.523 1148.94
121.342 1132.05
217.841 976.738
245.022 993.626
4
957.56 1093.04
940.778 1120.29
685.34 962.96
702.122 935.714
4
1269.14 332.345
1238.65 322.648
1329.56 36.7549
1360.05 46.4524
4
25.7613 1531.87
20.3217 1500.33
168.139 1474.83
173.578 1506.37
4
293.47 1489.96
279.823 1518.91
57.3406 1414.01
70.987 1385.07
4
951.94 648.658
937.769 619.967
1072.26 553.542
1086.43 582.233
4
1191.81 586.981
1161.45 597.089
1096.75 402.75
1127.12 392.642
4
1078.92 1418.91
1052.25 1401.22
1176.58 1213.69
1203.25 1231.38
4
1331.63 1359.86
1304.11 1376.19
1204.86 1209.04
1232.38 1192.7
4
930.616 1209.78
911.306 1184.27
1032 1092.94
1051.31 1118.46
4
1262.12 982.795
1258.45 951.006
1556.48 916.605
1560.15 948.394
4
1189.41 1106.24
1157.6 1102.78
1173.79 953.661
1205.6 957.116
4
1104.77 1049.13
1072.77 1049.83
1069.5 899.655
1101.49 898.958
4
1095.02 1084.26
1079.22 1112.09
905.632 1013.56
921.428 985.729
4
538.777 848.674
529.219 818.135
815.523 728.526
825.081 759.065
4
815.849 590.564
796.102 565.384
973.151 426.536
992.898 451.716
4
330.688 933.632
300.917 921.899
383.412 712.568
413.183 724.301
4
527.363 1022.57
503.282 1043.65
354.644 873.795
378.725 852.722
4
642.131 1059.1
640.102 1091.04
431.513 1077.79
433.542 1045.85
4
1057.02 440.531
1025.02 440.365
1026.58 140.369
1058.58 140.535
4
1025.09 304.275
1002.32 326.761
884.466 207.433
907.234 184.947
4
778.712 451.997
762.439 424.444
955.54 310.397
971.813 337.95
4
605.63 876.862
603.411 844.939
827.87 829.338
830.089 861.261
4
32.5217 493.014
1.39687 485.581
71.0783 193.786
102.203 201.219
4
80.7182 539.819
50.5458 529.16
120.864 330.121
151.037 340.78
4
0 0
0 1600
1600 1600
1600 0
