30
40
4
1147.24 148.542
1140.6 117.239
1434.06 54.9581
1440.7 86.261
4
1268.76 300.318
1244.66 279.267
1402.13 98.9989
1426.23 120.05
4
924.868 1521.01
899.865 1540.99
712.632 1306.59
737.635 1286.61
4
934.56 1404.64
902.74 1408.02
880.009 1194.31
911.829 1190.93
4
1019.62 1356.04
988.354 1362.87
956.187 1215.51
987.451 1208.69
4
762.322 1144.86
753.466 1114.11
969.678 1051.84
978.534 1082.59
4
447.43 1250.62
417.181 1261.06
343.77 1048.38
374.019 1037.94
4
501.226 1150.2
469.625 1145.17
511.818 880.533
543.419 885.572
4
601.45 834.066
601.209 866.065
387.615 864.45
387.857 832.451
4
583.222 763.344
565.77 790.166
377.178 667.456
394.63 640.634
4
379.082 861.815
347.87 868.875
295.73 638.374
326.942 631.313
4
238.262 897.326
209.573 883.15
282.606 735.344
311.295 749.519
4
1227.12 512.281
1199.8 528.937
1082.68 336.819
1110 320.163
4
1022.69 364.158
998.665 343.016
1138.8 183.801
1162.82 204.944
4
1327.48 484.249
1303.16 505.041
1149.25 324.992
1173.58 304.199
4
928.573 958.353
911.578 931.238
1102.23 811.747
1119.22 838.862
4
1223.53 1121.81
1196.55 1139.02
1050.39 909.916
1077.37 892.706
4
761.522 294.195
746.974 265.693
947.378 163.405
961.926 191.907
4
734.139 360.031
702.716 366.078
659.463 141.317
690.887 135.27
4
1193.38 607.91
1170.31 630.094
1066.32 521.99
1089.39 499.806
4
41.8934 1427.27
13.0766 1413.35
110.907 1210.73
139.723 1224.65
4
176.389 1341.13
164.586 1311.39
304.011 1256.07
315.814 1285.81
4
378.396 1497.73
346.435 1496.15
356.806 1286.68
388.766 1288.26
4
639.157 1372.58
607.946 1365.52
641.043 1219.22
672.254 1226.28
4
560.173 1231.28
551.724 1200.42
704.184 1158.68
712.633 1189.54
4
283.814 626.868
254.627 613.747
346.886 408.532
376.073 421.653
4
115.492 498.894
91.8732 477.303
235.395 320.303
259.014 341.894
4
550.113 399.077
546.213 430.839
331.332 404.455
335.231 372.694
4
625.582 805.324
606.977 779.288
729.018 692.076
747.623 718.112
4
1310.23 874.354
1281.66 859.945
1382.97 659.046
1411.54 673.455
4
1016.84 837.96
984.915 835.796
995.059 686.14
1026.99 688.304
4
1140.22 804.138
1111.03 817.241
1045.84 671.988
1075.04 658.886
4
1170.28 694.436
1147.73 717.143
994.982 565.464
1017.53 542.757
4
934.72 1496.63
924.741 1466.23
1209.78 1372.67
1219.76 1403.07
4
1400.04 1471.07
1369.71 1460.87
1465.36 1176.53
1495.69 1186.73
4
1265.3 1225.91
1264.88 1193.92
1438.58 1191.62
1439 1223.62
4
1250.36 1308.69
1244.47 1277.24
1395.66 1248.9
1401.56 1280.36
4
502.37 1428.7
470.403 1430.16
460.13 1205.4
492.097 1203.94
4
586.661 1461
555.002 1465.67
515.344 1196.26
547.003 1191.6
4
1455.24 1156.96
1423.69 1151.66
1448.56 1003.74
1480.11 1009.04
4
0 0
0 1600
1600 1600
1600 0
