30
40
4
1391.52 141.689
1388.72 173.566
1089.88 147.311
1092.68 115.434
4
1391.2 235.082
1364.27 217.795
1476 43.7394
1502.93 61.0267
4
1204.27 296.47
1199.86 264.776
1478.28 225.973
1482.7 257.667
4
697.745 688.393
666.348 694.578
637.355 547.407
668.752 541.222
4
693.445 726.518
674.49 752.3
480.44 609.626
499.395 583.845
4
396.866 1443.18
391.822 1474.78
169.634 1439.32
174.678 1407.72
4
708.566 1358.55
698.558 1328.16
841.034 1281.25
851.042 1311.64
4
686.292 1445.05
655.063 1452.04
608.853 1245.34
640.082 1238.36
4
727.828 1488.93
718.173 1519.44
434.27 1429.6
443.924 1399.09
4
143.101 1175.63
128.419 1147.19
261.699 1078.37
276.381 1106.81
4
314.498 1125.39
282.97 1130.87
244.479 909.169
276.007 903.695
4
1195.7 407.728
1167.33 422.539
1097.9 289.572
1126.27 274.761
4
992.833 404.279
970.108 381.75
1077.65 273.278
1100.37 295.807
4
1152.84 1086.6
1125.7 1103.54
1046.26 976.305
1073.4 959.358
4
1238.38 962.357
1212.78 981.557
1108.87 843.021
1134.47 823.82
4
1063.8 926.533
1032.21 921.415
1068.02 700.407
1099.61 705.525
4
27.133 1032.69
4.58576 1009.99
217.467 798.606
240.014 821.314
4
81.3763 1208.84
53.7342 1192.72
171.61 990.614
199.252 1006.74
4
124.385 459.301
92.4316 457.569
104.615 232.899
136.568 234.631
4
59.6006 547.5
52.9966 516.189
214.224 482.184
220.828 513.495
4
1362.08 1229.74
1353.19 1199
1569.32 1136.46
1578.21 1167.2
4
1486.49 1148.06
1458.44 1163.46
1372.89 1007.56
1400.94 992.169
4
901.981 906.773
873.39 921.146
806.019 787.127
834.61 772.754
4
918.299 529.957
891.678 547.714
725.201 298.143
751.822 280.386
4
695.755 483.835
664.004 479.851
700.895 185.846
732.646 189.831
4
1071.15 1303.24
1053.04 1329.62
929.354 1244.76
947.458 1218.38
4
148.753 226.439
130.271 200.316
313.947 70.3615
332.429 96.4843
4
503.162 305.359
498.088 336.954
276.393 301.355
281.467 269.759
4
1428.77 722.495
1398.55 711.959
1472.63 499.505
1502.85 510.041
4
1385.93 1408.52
1366.39 1383.18
1485.17 1291.58
1504.71 1316.92
4
1302.96 1447.76
1274.06 1434.03
1358.09 1257.16
1386.99 1270.89
4
431.267 1405.5
402.064 1418.59
340.733 1281.7
369.936 1268.61
4
557.454 1187.99
530.146 1171.31
647.446 979.306
674.754 995.989
4
672.067 1236.65
651.639 1212.01
773.473 1110.97
793.901 1135.6
4
897.938 1271.53
866.34 1276.59
838.588 1103.21
870.186 1098.15
4
1038.44 1568.72
1011.16 1585.44
854.361 1329.68
881.643 1312.96
4
1109.27 1447.64
1078.44 1439.06
1123 1278.97
1153.83 1287.55
4
1189.19 1297.62
1157.71 1303.38
1122.73 1112.22
1154.2 1106.46
4
835.683 191.311
804.575 198.811
769.417 52.9894
800.525 45.4891
4
1457.96 409.036
1439.27 383.059
1561.04 295.464
1579.73 321.441
4
0 0
0 1600
1600 1600
1600 0
