30
40
4
1200.96 352.115
1188.61 381.635
981.043 294.785
993.395 265.265
4
948.147 469.047
916.681 463.226
951.387 275.609
982.853 281.43
4
1119.75 442.001
1114.39 410.453
1369.97 367.027
1375.33 398.575
4
1585.9 734.331
1563.98 757.639
1400.1 603.469
1422.02 580.161
4
1382.08 626.491
1354.26 642.299
1258.73 474.161
1286.56 458.354
4
1195.81 338.14
1175.51 313.406
1407.39 123.06
1427.69 147.794
4
1471.91 309.73
1463.98 340.733
1298.85 298.518
1306.77 267.515
4
1549.55 283.747
1519.41 294.491
1457.28 120.179
1487.42 109.435
4
1032.57 905.885
1022.49 936.257
808.934 865.415
819.009 835.043
4
791.679 1094.5
759.91 1098.34
729.219 844.013
760.989 840.179
4
1290.35 890.965
1258.75 885.917
1294.25 663.735
1325.85 668.783
4
1150.32 807.159
1122.69 791.02
1231.62 604.53
1259.25 620.669
4
1024.27 889.994
994.539 878.149
1100.03 613.406
1129.75 625.25
4
411.172 708.769
398.339 738.083
260.928 677.931
273.761 648.617
4
239.945 442.219
212.349 426.019
326.255 231.981
353.851 248.181
4
361.244 205.048
350.998 235.364
135.713 162.595
145.96 132.28
4
339.562 556.934
327.471 527.306
477.405 466.117
489.497 495.744
4
600.327 613.773
591.085 644.409
375.673 579.427
384.915 548.791
4
1112.44 1382.54
1081.45 1390.52
1044.06 1245.26
1075.05 1237.28
4
1223.16 1302.24
1194.01 1315.46
1125.1 1163.56
1154.24 1150.34
4
1239.02 1571.75
1222.99 1544.05
1482.68 1393.85
1498.71 1421.55
4
513.813 1276.91
494.801 1251.17
675.787 1117.49
694.799 1143.23
4
581.147 1367.16
558.479 1389.75
433.845 1264.66
456.514 1242.07
4
502.548 1356.23
495.6 1387.46
333.38 1351.38
340.328 1320.14
4
994.991 642.976
976.929 669.391
853.109 584.724
871.171 558.309
4
1275.88 1167.14
1247.84 1151.72
1392.42 888.859
1420.46 904.282
4
269.777 1201.62
266.257 1233.43
42.6226 1208.68
46.1431 1176.87
4
332.832 1375.4
301.12 1379.69
263.507 1101.14
295.219 1096.86
4
151.402 1543.01
119.778 1538.12
142.698 1389.89
174.322 1394.78
4
252.41 1553.29
220.43 1554.43
209.914 1259.39
241.894 1258.25
4
118.164 1569.93
88.8994 1582.88
0.626021 1383.34
29.8902 1370.39
4
268.096 1565.99
257.139 1535.93
539.004 1433.21
549.961 1463.27
4
444.743 1423.36
437.932 1454.63
255.93 1414.98
262.741 1383.71
4
635.095 1559.73
625.354 1590.21
475.843 1542.43
485.584 1511.95
4
899.192 662.909
875.963 684.918
721.208 521.591
744.437 499.582
4
1019.43 1045.47
1017.38 1013.53
1167.07 1003.93
1169.12 1035.87
4
1054.51 1095.3
1029.09 1114.73
900.206 946.01
925.635 926.585
4
630.656 840.729
604.007 858.445
479.444 671.071
506.093 653.355
4
634.332 905.552
607.846 887.594
763.67 657.774
790.156 675.733
4
130.387 1104.69
101.263 1091.43
163.413 954.911
192.537 968.17
4
0 0
0 1600
1600 1600
1600 0
