30
40
4
1404.74 311.338
1401.83 343.205
1252.46 329.562
1255.37 297.695
4
1192.1 1429.7
1163.36 1415.63
1229.3 1280.9
1258.04 1294.97
4
1220.98 1482.77
1203.07 1509.28
1016.15 1383.01
1034.07 1356.5
4
985.141 1581.68
967.58 1554.92
1109.78 1461.58
1127.34 1488.33
4
876.949 575.692
870.709 544.306
1164.95 485.808
1171.19 517.194
4
1258.88 420.424
1250.94 451.422
1095.4 411.558
1103.35 380.56
4
1230.49 702.849
1199.32 695.592
1251.85 469.982
1283.02 477.239
4
223.028 404.946
199.8 382.936
302.972 274.054
326.2 296.064
4
104.029 365.247
83.6324 340.589
268.145 187.959
288.542 212.616
4
115.735 268.309
85.065 277.439
8.35406 19.7546
39.0239 10.6244
4
332.533 1050.19
303.951 1064.58
202.767 863.613
231.349 849.222
4
129.802 853.738
123.829 822.301
317.169 785.564
323.143 817.002
4
658.618 1423.72
626.661 1425.38
611.082 1125.78
643.039 1124.12
4
279.193 1241.87
249.432 1253.63
194.307 1114.13
224.068 1102.37
4
311.514 1596.16
299.116 1566.66
575.686 1450.44
588.084 1479.94
4
167.512 1357.04
161.371 1325.64
382.188 1282.46
388.329 1313.86
4
388.896 714.617
357.567 721.137
327.004 574.283
358.333 567.763
4
420.259 321.966
389.097 329.241
337.941 110.134
369.103 102.859
4
497.54 422.646
465.677 419.69
486.743 192.56
518.606 195.515
4
458.323 232.21
430.193 216.955
541.667 11.4005
569.796 26.6555
4
773.476 330.871
747.217 349.16
618.624 164.529
644.883 146.24
4
840.792 461.577
808.831 460.005
821.199 208.579
853.16 210.151
4
900.828 157.336
888.032 186.667
624.031 71.4952
636.826 42.1648
4
92.7906 698.849
68.0985 678.495
163.509 562.751
188.202 583.105
4
1275.76 272.449
1243.8 274.061
1236.24 124.251
1268.2 122.639
4
1360.9 343.642
1358.28 375.535
1099.77 354.296
1102.39 322.403
4
1049.45 488.24
1017.75 483.857
1045.09 286.089
1076.79 290.471
4
699.134 637.904
667.371 641.787
649.166 492.896
680.929 489.013
4
657.667 686.218
631.356 704.432
523.205 548.211
549.515 529.996
4
746.905 789.08
737.625 819.705
491.775 745.204
501.056 714.579
4
826.388 1388.26
817.185 1357.61
1104.51 1271.34
1113.71 1301.99
4
894.786 814.382
882.853 784.69
1161.21 672.818
1173.15 702.51
4
1258.37 958.76
1227.84 968.361
1169.71 783.532
1200.23 773.931
4
1088.41 231.303
1066.33 208.14
1229.19 52.8968
1251.27 76.0596
4
926.887 240.676
911.023 212.886
1087.4 112.194
1103.27 139.984
4
626.531 977.87
594.855 982.412
573.569 833.93
605.245 829.388
4
571.517 828.354
570.391 860.334
418.07 854.972
419.196 822.991
4
688.991 1104.32
666.033 1126.61
497.283 952.825
520.241 930.532
4
283.406 739.807
251.418 738.938
255.494 588.993
287.482 589.862
4
980.433 991.529
969.306 1021.53
828.667 969.371
839.794 939.368
4
0 0
0 1600
1600 1600
1600 0
