30
40
4
1188.01 1428.43
1181.83 1397.03
1402.59 1353.57
1408.77 1384.97
4
1317.4 1490.98
1304 1520.04
1162.7 1454.88
1176.11 1425.82
4
1218.87 1484.75
1204.8 1513.49
1037.3 1431.47
1051.37 1402.73
4
1373.17 1105.47
1344.92 1090.43
1415.43 958.032
1443.68 973.074
4
436.019 1141.32
432.55 1109.51
730.781 1076.98
734.25 1108.79
4
11.4356 820.224
11.1744 788.225
311.164 785.776
311.426 817.775
4
186.887 952.767
161.138 971.766
63.8858 839.962
89.6351 820.962
4
337.996 1155.96
315.946 1132.77
479.004 977.735
501.054 1000.93
4
1408.53 293.8
1376.59 291.727
1391.17 67.1996
1423.11 69.2734
4
81.0063 1389.44
53.3087 1373.41
165.994 1178.66
193.691 1194.69
4
263.875 1167.4
247.792 1195.06
24.0711 1065
40.1542 1037.34
4
174.867 1334.35
164.222 1304.17
357.806 1235.89
368.451 1266.06
4
1082.28 106.386
1065.7 133.753
937.416 56.0142
954 28.6471
4
1244.55 467.261
1216.67 451.549
1327.15 255.539
1355.03 271.251
4
476.703 613.878
472.107 582.21
768.997 539.122
773.593 570.79
4
876.024 640.869
847.837 656.018
729.588 435.984
757.776 420.836
4
361.492 507.073
358.441 538.927
59.8079 510.327
62.8585 478.473
4
143.142 475.025
131.977 445.036
306.051 380.231
317.215 410.22
4
1544.18 528.457
1512.31 531.271
1492.52 307.143
1524.39 304.329
4
1071.58 277.618
1052.86 303.565
870.415 171.882
889.144 145.935
4
1076.88 388.431
1051.79 408.3
934.625 260.382
959.71 240.513
4
479.145 964.515
447.76 970.76
403.855 750.085
435.24 743.84
4
470.164 785.949
452.755 759.099
580.715 676.13
598.125 702.98
4
693.073 795.147
692.992 827.147
539.227 826.758
539.308 794.758
4
1507.73 712.086
1499.01 742.875
1210.37 661.114
1219.09 630.325
4
1535.35 910.961
1503.62 906.807
1540.64 624.01
1572.37 628.163
4
1171.71 876.906
1140.26 882.844
1094.49 640.499
1125.94 634.56
4
691.364 96.6521
683.332 127.628
465.536 71.1479
473.568 40.1725
4
928.068 1143.96
896.385 1148.45
875.332 999.938
907.015 995.447
4
973.509 1201.25
972.574 1233.24
738.194 1226.39
739.129 1194.4
4
634.939 1351.7
632.028 1383.57
407.961 1363.1
410.872 1331.23
4
232.217 1148.52
204.59 1132.38
280.283 1002.88
307.91 1019.02
4
1469.01 1199.19
1437.03 1197.99
1448.29 898.205
1480.27 899.406
4
1190.21 1275.47
1164.23 1294.14
1076.69 1172.33
1102.67 1153.66
4
1304.34 1102.32
1300.76 1134.12
1071.92 1108.43
1075.49 1076.63
4
917.624 330.017
913.804 361.788
764.876 343.883
768.696 312.112
4
1054.08 489.447
1025.58 503.981
929.529 315.581
958.038 301.047
4
1036.28 618.249
1013.17 640.382
884.797 506.342
907.908 484.209
4
33.4023 159.438
19.9022 130.426
291.898 3.86156
305.398 32.8744
4
277.679 217.226
266.026 247.029
118.279 189.257
129.932 159.455
4
0 0
0 1600
1600 1600
1600 0
