30
40
4
652.665 135.062
627.562 154.908
534.535 37.238
559.638 17.3924
4
601.096 233.779
577.573 255.473
383.181 44.6847
406.704 22.9907
4
604.287 304.934
578.871 285.492
726.588 92.375
752.005 111.817
4
889.143 410.191
870.693 436.337
686.857 306.609
705.307 280.463
4
864.987 375.617
834.648 365.442
904.078 158.419
934.418 168.594
4
1133.89 680.9
1129.58 649.191
1278.21 629
1282.52 660.709
4
1397.36 689.882
1367.73 701.959
1277.92 481.597
1307.56 469.52
4
1386.37 591.607
1372.93 562.565
1546.98 482.041
1560.42 511.084
4
951.043 831.706
925.541 812.377
1106.76 573.294
1132.26 592.623
4
1113.16 988.018
1083.46 999.928
1001.06 794.432
1030.76 782.522
4
756.594 854.155
756.122 822.159
906.106 819.945
906.578 851.941
4
859.014 895.032
855.564 926.846
691.511 909.052
694.961 877.239
4
457.799 864.03
439.862 837.53
688.301 669.37
706.238 695.87
4
372.706 917.878
344.993 901.877
457.494 707.022
485.207 723.023
4
518.811 641.331
514.811 673.08
300.847 646.128
304.847 614.379
4
1125 310.743
1095.07 299.433
1174.6 88.9566
1204.53 100.267
4
1133.28 94.2004
1127.01 62.8205
1376.55 12.9647
1382.82 44.3445
4
973.123 239.573
958.692 211.012
1107.86 135.64
1122.29 164.202
4
1010.56 378.934
983.482 361.876
1063.44 234.966
1090.52 252.024
4
929.314 528.635
897.47 525.48
923.287 264.931
955.131 268.086
4
745.986 1313.37
721.014 1333.38
627.214 1216.33
652.186 1196.32
4
534.651 1479.81
508.364 1461.56
637.312 1275.81
663.599 1294.06
4
1193.83 1348.67
1168.31 1367.97
1032.57 1188.53
1058.09 1169.23
4
1100.19 1296.87
1085.31 1325.2
921.379 1239.11
936.257 1210.78
4
1062.5 602.165
1042.78 576.96
1220 438.335
1239.72 463.54
4
1046.52 533.106
1016.42 543.964
960.423 388.724
990.525 377.866
4
933.117 704.161
901.985 711.564
856.216 519.08
887.348 511.678
4
582.643 1326.44
568.734 1355.26
298.557 1224.86
312.466 1196.04
4
134.249 644.802
117.665 617.434
245.951 539.698
262.535 567.066
4
197.398 508.982
181.376 536.682
40.9502 455.456
56.9725 427.756
4
827.242 1435.79
818.406 1405.04
1034.66 1342.91
1043.49 1373.66
4
1107.3 1542.65
1076.1 1535.52
1119.2 1346.91
1150.4 1354.04
4
1403.8 1591.53
1390.43 1562.46
1526.7 1499.77
1540.07 1528.84
4
1549.44 1445.39
1537.6 1475.12
1366.68 1407.05
1378.52 1377.32
4
1133.35 1153.1
1106.73 1135.33
1231.65 948.199
1258.27 965.965
4
166.219 1081.7
151.716 1053.17
352.281 951.201
366.784 979.725
4
192.249 872.656
167.153 852.802
306.751 676.344
331.847 696.198
4
82.3325 796.778
56.1491 778.382
151.359 642.87
177.543 661.267
4
189.157 951.878
168.437 976.263
46.0479 872.268
66.7685 847.883
4
1466.85 966.626
1442.61 987.517
1246.75 760.274
1270.99 739.383
4
0 0
0 1600
1600 1600
1600 0
