30
40
4
748.521 663.222
734.125 691.801
533.179 590.578
547.575 561.999
4
781.632 836.415
749.82 832.95
779.923 556.59
811.735 560.055
4
641.061 566.849
609.338 571.052
589.639 422.351
621.362 418.148
4
1002.69 1030.67
980.797 1007.33
1090.21 904.726
1112.1 928.068
4
1142.03 1153.28
1112.56 1165.77
1051.35 1021.31
1080.82 1008.83
4
550.234 1202.29
522.617 1186.12
674.166 927.214
701.783 943.379
4
1587.91 1201.95
1563.7 1222.88
1367.49 995.947
1391.7 975.017
4
673.476 1510.34
644.048 1497.77
732.424 1290.86
761.852 1303.43
4
722.318 1312.23
708.12 1340.9
511.508 1243.56
525.706 1214.88
4
1349.67 1031.78
1348.86 1063.77
1123.93 1058.12
1124.74 1026.13
4
1250.03 1006.43
1224.92 1026.26
1129.27 905.198
1154.38 885.36
4
1241.42 926.726
1226.6 898.367
1396.09 809.767
1410.91 838.126
4
624.534 822.082
607.37 795.075
733.966 714.618
751.13 741.625
4
1248.2 839.926
1236.49 869.707
1027.1 787.374
1038.81 757.593
4
1089.01 861.688
1068.01 885.838
848.025 694.591
869.02 670.441
4
307.021 1423.79
293.166 1394.95
428.379 1330.01
442.234 1358.85
4
994.66 538.918
989.894 570.561
693.24 525.882
698.006 494.239
4
1109.97 594.665
1107.88 626.597
907.703 613.499
909.792 581.568
4
1179.55 637.642
1148.3 630.767
1196.34 412.383
1227.59 419.257
4
1125.27 254.435
1123.63 222.476
1348.33 210.965
1349.97 242.924
4
1419.96 303.932
1388.59 310.216
1349.42 114.644
1380.8 108.361
4
1173.36 370.108
1152.16 394.079
957.556 221.98
978.755 198.009
4
578.009 659.37
560.423 686.104
309.791 521.23
327.377 494.496
4
169.377 466.904
162.253 435.707
352.067 392.361
359.191 423.558
4
1400.23 758.615
1379.74 783.201
1206.87 639.185
1227.36 614.599
4
368.591 729.648
341.368 746.467
223.109 555.052
250.332 538.233
4
246.366 889.75
216.751 901.873
133.127 697.602
162.742 685.479
4
85.9291 890.427
54.1818 886.413
86.1758 633.367
117.923 637.381
4
588.66 278.782
577.702 308.848
295.84 206.118
306.798 176.052
4
721.852 340.764
692.483 353.471
576.119 84.5253
605.488 71.8184
4
946.244 110.575
935.969 80.2692
1149.06 8.02523
1159.33 38.3308
4
1582.09 1428.19
1552.17 1439.55
1445.61 1159.11
1475.53 1147.75
4
1389.72 1497.76
1358.66 1490.07
1413.49 1268.47
1444.55 1276.15
4
1213.14 1482.64
1182.26 1491.02
1123.36 1273.86
1154.24 1265.48
4
225.621 1176.05
212.23 1205.11
7.87894 1110.95
21.2704 1081.89
4
77.5193 1258.02
73.7002 1226.25
290.316 1200.21
294.135 1231.98
4
373.151 1263.62
371.112 1295.56
164.054 1282.34
166.093 1250.4
4
496.419 1502.41
478.381 1528.84
354.481 1444.29
372.519 1417.86
4
531.949 1595.66
499.955 1596.27
495.554 1364.48
527.548 1363.88
4
990.078 1366.68
977.903 1337.09
1116.62 1280.02
1128.8 1309.61
4
0 0
0 1600
1600 1600
1600 0
