30
40
4
1504.12 1043.16
1473.66 1052.99
1427.58 910.242
1458.04 900.412
4
1500.51 855.014
1499.9 887.009
1228.89 881.896
1229.49 849.902
4
311.842 1491.77
280.694 1484.44
349.458 1192.43
380.606 1199.76
4
1134.1 244.487
1125.98 275.44
835.8 199.313
843.92 168.36
4
544.207 759.1
530.516 730.177
666.093 666
679.784 694.923
4
589.907 1118.9
584.734 1150.48
362.693 1114.1
367.866 1082.52
4
550.793 1006.63
546.993 1038.4
387.912 1019.37
391.711 987.6
4
291.422 233.65
283.157 202.736
572.978 125.25
581.243 156.164
4
424.632 368.666
399.991 348.249
524.967 197.412
549.608 217.829
4
373.989 1487.03
343.191 1478.34
383.911 1333.97
414.709 1342.66
4
241.304 1571.85
234.7 1540.54
495.042 1485.63
501.646 1516.94
4
1501.14 189.027
1469.15 189.645
1466.26 39.6727
1498.25 39.0552
4
95.4783 351.917
63.4784 351.982
63.0217 126.983
95.0216 126.918
4
280.507 300.141
255.763 320.433
67.7166 91.1288
92.4603 70.8371
4
854.76 1430.59
823.397 1436.94
763.84 1142.91
795.203 1136.56
4
968.681 657.98
936.796 660.684
924.119 511.22
956.004 508.516
4
1084.91 474.542
1071.21 503.461
853.233 400.19
866.933 371.271
4
272.12 1060.56
242.517 1048.41
299.48 909.642
329.083 921.794
4
246.395 1011.9
218.818 1028.14
110.89 844.8
138.467 828.566
4
225.362 1098.67
200.707 1119.08
39.4433 924.184
64.0975 903.783
4
998.804 779.18
967.415 772.954
996.596 625.82
1027.98 632.046
4
963.245 856.613
955.622 825.534
1163.41 774.57
1171.03 805.649
4
578.564 615.583
569.419 584.918
785.036 520.617
794.181 551.282
4
820.16 719.589
800.341 744.713
657.464 632.006
677.283 606.882
4
355.281 569.246
345.838 599.821
202.519 555.554
211.962 524.979
4
372.456 753.162
343.378 739.803
456.885 492.739
485.963 506.098
4
562.919 695.96
531.507 702.066
485.856 467.227
517.268 461.121
4
100.661 1367.75
68.9071 1371.72
41.0393 1148.45
72.7929 1144.48
4
12.928 1425.18
12.2047 1393.19
220.291 1388.49
221.015 1420.48
4
146.109 1569.15
121.844 1548.29
219.789 1434.37
244.054 1455.23
4
861.965 1007.9
858.185 976.12
1007.14 958.404
1010.91 990.18
4
1111.56 1140.22
1081.74 1151.83
1007.91 962.208
1037.73 950.598
4
869.999 1081.9
850.922 1107.6
701.407 996.578
720.484 970.886
4
1327.89 431.452
1318.51 462.044
1103.41 396.048
1112.79 365.456
4
664.89 370.219
632.896 369.631
638.41 69.6813
670.404 70.2694
4
722.696 511.399
700.887 534.816
537.486 382.637
559.295 359.22
4
1265.5 231.546
1240.61 251.659
1099.2 76.654
1124.09 56.5415
4
1259.12 288.496
1244.32 260.123
1378.28 190.259
1393.07 218.632
4
1395.95 493.481
1366.74 480.415
1485.34 215.285
1514.55 228.352
4
1021.95 1483.98
1004.76 1456.99
1194.55 1336.12
1211.74 1363.11
4
0 0
0 1600
1600 1600
1600 0
