30
40
4
663.396 1129.13
632.888 1119.47
700.804 904.968
731.312 914.627
4
653.342 1011.01
628.79 1031.53
500.346 877.882
524.898 857.358
4
400.716 857.224
387.143 828.246
533.386 759.749
546.959 788.727
4
1308.18 1243.66
1291.36 1270.89
1036.12 1113.24
1052.94 1086.01
4
1079.61 1364.32
1051.68 1348.7
1134.69 1200.23
1162.62 1215.85
4
393.233 367.325
367.008 385.664
238.067 201.275
264.292 182.936
4
857.836 1546.85
844.894 1517.58
1119.26 1396.25
1132.21 1425.52
4
1016.39 1403.13
1010.9 1434.66
810.193 1399.7
815.683 1368.18
4
722.177 1510.96
692.69 1498.53
785.266 1278.93
814.753 1291.36
4
1160.62 976.993
1150.02 1007.19
1008.48 957.507
1019.08 927.313
4
549.085 1401.61
518.781 1411.89
422.415 1127.79
452.719 1117.51
4
319.316 1269.56
288.553 1260.74
366.603 988.294
397.365 997.106
4
292.037 1155.09
270.39 1178.65
134.344 1053.7
155.991 1030.13
4
1042.17 532.77
1019.51 510.177
1231.33 297.73
1253.99 320.323
4
299.05 964.444
271.701 981.057
115.95 724.656
143.299 708.043
4
595.155 562.984
567.248 578.643
420.445 317.016
448.352 301.357
4
973.216 1144.12
942.829 1154.15
848.784 869.276
879.171 859.245
4
706.556 1104.45
691.129 1076.42
860.423 983.265
875.85 1011.3
4
175.407 665.649
158.685 692.933
30.7935 614.551
47.515 587.267
4
272.615 804.541
241.032 809.688
216.814 661.078
248.397 655.931
4
304.362 876.479
274.322 865.451
376.958 585.886
406.997 596.914
4
1362.86 1517.48
1333.26 1505.31
1418.84 1297.22
1448.44 1309.39
4
1309.57 1539.2
1277.65 1537.05
1288.86 1370.79
1320.79 1372.94
4
1482.35 1186.03
1450.42 1183.84
1465.85 959.368
1497.78 961.562
4
717.187 507.899
685.385 504.344
718.713 206.201
750.515 209.756
4
725.192 183.963
713.436 154.2
929.512 68.8547
941.268 98.6172
4
1069.19 275.197
1049.01 300.032
876.579 159.922
896.759 135.087
4
1583.1 227.887
1564.99 254.274
1441.3 169.413
1459.41 143.026
4
1458.26 368.498
1426.27 369.106
1422.95 194.507
1454.95 193.9
4
1417.39 464.517
1401.43 492.253
1268.91 415.99
1284.87 388.255
4
1297.58 714.324
1273.73 692.994
1373.72 581.176
1397.57 602.506
4
1153.71 704.988
1142.29 675.095
1288.02 619.43
1299.44 649.324
4
1170.05 795.305
1141.37 809.516
1014.1 552.722
1042.77 538.511
4
435.756 1532.38
415.599 1557.24
240.844 1415.52
261.001 1390.66
4
328.122 1404.34
311.736 1376.85
453.193 1292.52
469.579 1320.01
4
1437.28 693.182
1409.68 676.991
1523.52 482.918
1551.12 499.109
4
1355.24 1327.09
1344.4 1357.2
1203.26 1306.41
1214.1 1276.3
4
1266.56 1557.55
1235.56 1565.51
1169.85 1309.6
1200.85 1301.64
4
1124.82 1129.28
1109.88 1100.98
1375.18 960.919
1390.12 989.217
4
1456.83 1215.69
1425.77 1223.4
1375.42 1020.69
1406.47 1012.97
4
0 0
0 1600
1600 1600
1600 0
