30
40
4
271.175 1108.56
269.527 1140.52
44.8253 1128.94
46.4732 1096.98
4
342.817 1175.39
311.66 1182.68
243.316 890.788
274.473 883.493
4
137.827 998.163
112.355 978.793
284.295 752.687
309.767 772.057
4
238.306 471.121
206.36 472.993
193.194 248.379
225.14 246.507
4
385.744 571.641
366.538 597.236
231.813 496.146
251.018 470.55
4
932.108 343.902
925.386 312.616
1218.69 249.598
1225.41 280.884
4
1232.42 508.54
1200.71 504.247
1229.76 289.649
1261.47 293.942
4
1319.6 1116.12
1289.59 1105.03
1367.6 893.98
1397.61 905.075
4
768.182 481.541
741.362 498.996
577.718 247.559
604.538 230.104
4
588.806 320.975
560.202 335.321
474.935 165.304
503.539 150.959
4
412.746 463.104
394.198 437.027
528.251 341.676
546.799 367.753
4
930.879 1387.04
908.31 1364.35
1067.82 1205.66
1090.39 1228.35
4
1211.41 1288.77
1189.02 1311.63
1043.68 1169.29
1066.07 1146.43
4
899.262 1544.64
871.409 1528.88
959.342 1373.44
987.195 1389.2
4
382.154 1525.78
353.105 1512.35
478.946 1240.02
507.995 1253.45
4
309.064 1591.42
277.133 1593.51
264.857 1406.23
296.788 1404.14
4
438.224 1279.41
424.469 1308.3
155.726 1180.36
169.481 1151.47
4
755.07 935.57
734.626 960.189
503.83 768.53
524.274 743.911
4
794.08 889.8
762.685 895.995
731.262 736.751
762.657 730.556
4
1352.92 232.147
1330.88 255.344
1167.78 100.353
1189.82 77.1558
4
1388.65 251.25
1356.72 253.233
1346.66 91.2302
1378.6 89.2473
4
1333.09 334.097
1322.13 304.032
1507.16 236.599
1518.12 266.665
4
273.253 205.87
264.436 236.631
48.1465 174.63
56.9644 143.869
4
283.053 196.5
260.605 173.693
391.221 45.1342
413.668 67.9405
4
632.419 1208.99
623.398 1239.69
479.481 1197.41
488.502 1166.71
4
725.015 1254.89
698.941 1273.44
584.631 1112.78
610.704 1094.23
4
781.225 1188.45
751.241 1199.63
689.096 1032.94
719.08 1021.76
4
999.95 1539.87
977.69 1516.88
1085.45 1412.53
1107.71 1435.52
4
1488.84 1296.88
1488.12 1328.87
1338.16 1325.52
1338.88 1293.53
4
1349.8 1427.29
1321.45 1442.15
1251.81 1309.27
1280.15 1294.41
4
447.883 715.007
415.917 713.535
422.817 563.693
454.783 565.165
4
395.5 794.177
363.552 796.01
354.012 629.678
385.959 627.846
4
885.119 737.587
881.08 705.843
1029.88 686.913
1033.92 718.657
4
831.345 751.787
800.204 744.423
866.186 465.409
897.327 472.773
4
700.013 1335.48
696.304 1303.7
919.787 1277.62
923.496 1309.4
4
847.455 1402.08
834.384 1431.29
620.823 1335.72
633.894 1306.51
4
824.774 1450.76
820.905 1482.52
662.64 1463.24
666.51 1431.48
4
1557.1 1073.94
1529.69 1090.45
1452.3 961.958
1479.71 945.448
4
1403.97 957.355
1391.02 928.093
1534.24 864.707
1547.19 893.969
4
1209.3 993.561
1190.85 967.415
1419.83 805.84
1438.28 831.986
4
0 0
0 1600
1600 1600
1600 0
