30
40
4
987.082 935.437
956.043 927.652
1029.02 636.663
1060.06 644.448
4
1018.43 969.669
994.334 948.61
1190.67 723.983
1214.76 745.042
4
60.1426 742.137
58.6259 710.173
208.457 703.063
209.974 735.027
4
1326.56 1340.11
1302.54 1361.24
1153.94 1192.29
1177.96 1171.16
4
1412.46 1469.35
1391.19 1493.26
1215.49 1336.99
1236.76 1313.08
4
521.242 236.514
500.691 211.986
673.158 67.4857
693.709 92.0143
4
821.142 1574.31
789.365 1570.54
807.058 1421.59
838.835 1425.36
4
186.727 435.541
156.136 426.151
244.173 139.359
274.764 148.749
4
1326.64 255.009
1300.97 235.896
1390.56 115.591
1416.23 134.704
4
1215.66 1560.77
1185.57 1571.67
1083.34 1289.63
1113.43 1278.73
4
1111.63 1496.87
1079.97 1501.54
1052.44 1314.95
1084.1 1310.28
4
1068.04 1489.79
1039.47 1504.2
931.063 1289.22
959.636 1274.81
4
745.194 1224.32
713.428 1228.18
677.206 930.379
708.972 926.516
4
658.187 1258.1
626.209 1256.92
637.086 959.793
669.065 960.964
4
1151.19 584.541
1150.79 616.539
850.815 612.859
851.208 580.861
4
1175 543.74
1164.85 574.087
916.976 491.169
927.128 460.822
4
826.863 225.663
807.218 200.402
1044.04 16.2372
1063.68 41.4979
4
1213.97 250.935
1210.19 282.711
1032.04 261.52
1035.82 229.744
4
1346.81 287.164
1324.31 309.92
1213.5 200.37
1236 177.614
4
235.32 1144.4
203.509 1147.87
179.08 924.202
210.891 920.728
4
619.722 293.888
609.809 324.313
395.878 254.612
405.791 224.187
4
752.193 346.87
727.564 367.301
583.457 193.589
608.086 173.158
4
81.8546 666.068
68.4 637.034
272.545 542.432
286 571.466
4
290.626 472.337
280.913 502.828
130.385 454.88
140.098 424.39
4
184.397 839.105
164.548 814.005
375.666 647.044
395.516 672.143
4
656.569 177.553
644.851 147.776
784.431 92.8468
796.149 122.624
4
1006.76 220.793
1000.62 189.388
1221.44 146.207
1227.58 177.612
4
388.731 519.003
378.171 488.796
519.769 439.297
530.329 469.504
4
527.087 395.363
520.522 426.683
302.481 380.976
309.046 349.656
4
357.553 1561.83
349.716 1530.81
495.147 1494.07
502.984 1525.09
4
290.204 1526.45
265.126 1506.57
401.658 1334.33
426.735 1354.2
4
189.725 1396.67
182.934 1365.39
358.571 1327.25
365.361 1358.53
4
1198.07 1069.86
1197.14 1101.85
972.235 1095.34
973.16 1063.35
4
1350.58 1020.01
1336.18 1048.59
1158.74 959.204
1173.13 930.625
4
1056.14 1002.77
1037.49 976.767
1273.06 807.751
1291.72 833.751
4
336.578 835.054
332.53 803.312
555.722 774.846
559.77 806.588
4
376.951 977.993
358.922 951.555
559.191 814.989
577.22 841.427
4
870.138 500.899
849.811 476.184
965.662 380.901
985.989 405.616
4
927.521 1383.83
898.426 1397.15
835.979 1260.77
865.074 1247.45
4
793.413 1515.39
761.72 1519.81
725.438 1259.76
757.131 1255.34
4
0 0
0 1600
1600 1600
1600 0
