30
40
4
178.654 1029.79
146.659 1030.36
141.246 730.413
173.241 729.836
4
59.5904 1125.17
50.1377 1094.59
224.097 1040.81
233.55 1071.38
4
405.54 1206.51
380.344 1226.24
204.732 1001.94
229.928 982.218
4
249.774 555.592
218.927 564.104
179.026 419.508
209.873 410.996
4
218.785 682.483
191.188 698.682
93.0813 531.549
120.678 515.35
4
206.025 844.004
175.651 833.934
244.139 627.356
274.513 637.426
4
1177.58 807.34
1172.31 775.777
1468.22 726.36
1473.49 757.923
4
1481.21 653.611
1476.82 685.309
1250.67 654.002
1255.05 622.304
4
1504.17 710.946
1474.2 699.729
1565.49 455.836
1595.46 467.053
4
1049.9 637.114
1024.91 617.126
1118.6 499.986
1143.59 519.974
4
1194.46 674.296
1162.57 671.671
1176.53 502.07
1208.42 504.695
4
1277.3 1004.46
1253.32 1025.65
1154 913.236
1177.98 892.05
4
1051.3 1085.7
1021.03 1075.3
1100.02 845.294
1130.29 855.688
4
1215.48 1135.02
1196.35 1109.36
1431.41 934.15
1450.54 959.807
4
1247.71 1506.83
1219.71 1522.33
1074.39 1259.87
1102.39 1244.37
4
997.983 1551
967.834 1540.27
1040.26 1336.68
1070.41 1347.41
4
421.006 728.421
392.506 742.973
324.294 609.379
352.794 594.827
4
470.651 845.216
455.013 873.135
299.449 785.999
315.087 758.081
4
521.214 701.072
497.561 722.625
357.158 568.546
380.811 546.992
4
787.495 843.057
755.593 840.552
773.205 616.243
805.107 618.748
4
853.208 779.696
823.079 768.914
874.118 626.302
904.247 637.084
4
699.137 671.644
675.552 650.016
781.668 534.3
805.252 555.928
4
571.581 381.038
557.113 409.58
423.319 341.762
437.787 313.22
4
282.571 370.041
267.782 341.663
508.136 216.404
522.925 244.781
4
353.698 1542.78
350.118 1574.58
52.0017 1541.02
55.582 1509.22
4
44.903 1593.4
12.9689 1595.46
2.33574 1430.06
34.2698 1428.01
4
299.937 1338.56
287.92 1308.9
565.963 1196.24
577.98 1225.9
4
436.578 1469.78
417.14 1444.36
609.007 1297.65
628.445 1323.07
4
620.216 1468.98
601.464 1443.05
787.576 1308.46
806.328 1334.39
4
957.986 1164.74
941.384 1192.1
684.914 1036.46
701.516 1009.1
4
1207.19 268.259
1198.56 237.445
1415.21 176.741
1423.84 207.555
4
1199.89 371.393
1171.11 385.387
1095.36 229.61
1124.14 215.616
4
869.827 198.369
857.503 227.901
719.073 170.131
731.397 140.599
4
939.585 287.007
929.844 317.488
673.015 235.413
682.755 204.932
4
355.393 984.478
345.443 954.065
488.007 907.422
497.957 937.835
4
418.679 1082.63
404.726 1053.84
549.675 983.599
563.629 1012.4
4
547.484 957.771
535.133 928.25
674.367 869.995
686.718 899.515
4
1003.57 762.171
972.973 771.551
885.033 484.729
915.627 475.349
4
989.897 892.97
960.781 879.693
1075.13 628.938
1104.24 642.215
4
906.282 918.227
874.423 915.221
888.54 765.571
920.399 768.576
4
0 0
0 1600
1600 1600
1600 0
