30
40
4
1508.3 1441.74
1503.07 1473.31
1207.1 1424.26
1212.33 1392.69
4
1590.55 1443.04
1558.58 1444.44
1550.95 1270.25
1582.92 1268.85
4
1385.14 1406.7
1362.88 1383.71
1522.54 1229.11
1544.8 1252.1
4
343.255 1000.59
315.002 985.566
420.645 786.909
448.898 801.934
4
883.507 1007.03
857.896 987.846
992.793 807.769
1018.4 826.954
4
1182.89 1094.58
1166.59 1122.11
936.743 986.067
953.043 958.53
4
1097.72 316.575
1081.28 344.03
823.884 189.925
840.322 162.47
4
1188.47 406.815
1187.7 374.824
1412.63 369.385
1413.4 401.376
4
913.84 522.419
888.466 502.922
979.86 383.981
1005.23 403.478
4
694.4 1001.61
664.901 1014.01
577.7 806.593
607.199 794.192
4
498.111 411.527
470.107 396.043
542.689 264.773
570.693 280.257
4
246.08 1296.69
216.217 1308.19
162.32 1168.21
192.183 1156.71
4
290.4 1322.88
260.302 1312.01
318.809 1149.97
348.907 1160.84
4
434.844 1416.6
403.485 1422.97
355.474 1186.71
386.833 1180.33
4
765.13 660.256
743.159 683.522
579.57 529.044
601.541 505.778
4
564.122 814.144
533.365 805.312
593.283 596.649
624.04 605.481
4
423.7 1094.19
393.981 1082.33
505.2 803.707
534.919 815.571
4
544.083 1288.24
512.246 1285.01
538.244 1028.39
570.081 1031.61
4
570.269 1128.48
570.199 1096.48
722.943 1096.15
723.014 1128.15
4
1170.4 572.328
1139 566.161
1167.9 418.972
1199.3 425.139
4
1269.25 733.371
1237.66 738.498
1201.45 515.413
1233.04 510.286
4
1233.85 835.783
1212.19 812.229
1389.18 649.467
1410.84 673.021
4
398.436 659.348
385.631 688.674
248.164 628.652
260.969 599.326
4
301.852 558.922
290.386 588.797
99.3714 515.486
110.837 485.611
4
312.607 607.91
299.253 578.829
456.9 506.435
470.254 535.515
4
112.319 871.767
83.17 884.97
21.2807 748.333
50.43 735.13
4
1202.44 233.981
1191.33 263.991
1050.66 211.919
1061.77 181.909
4
157.618 347.154
131.905 328.106
310.482 87.0458
336.195 106.094
4
483.33 353.311
475.98 384.455
288.661 340.249
296.011 309.104
4
484.573 512.053
467.724 484.848
611.799 395.616
628.648 422.821
4
185.17 1440.5
177.82 1471.65
31.8302 1437.2
39.1801 1406.05
4
1349.58 579.824
1320.44 593.055
1258.42 456.476
1287.56 443.245
4
1286.96 694.492
1264.13 672.069
1374.28 559.914
1397.11 582.336
4
1079.59 110.752
1067.96 80.9384
1207.71 26.4478
1219.34 56.2616
4
1163.36 179.933
1146.76 152.576
1348.63 30.0775
1365.23 57.4347
4
489.292 163.086
469.584 188.297
351.408 95.9143
371.116 70.7035
4
572.611 202.911
540.699 205.285
527.606 29.266
559.517 26.8922
4
619.486 324.178
588.68 315.52
661.873 55.0847
692.68 63.7427
4
1111.41 1365.76
1079.44 1364.46
1088.59 1139.64
1120.56 1140.94
4
1300.44 1479.31
1286.59 1508.16
1016.25 1378.42
1030.1 1349.57
4
0 0
0 1600
1600 1600
1600 0
