30
40
4
1221.43 1327.27
1190.77 1318.11
1255.17 1102.53
1285.83 1111.69
4
668.233 1417.23
636.576 1412.56
680.367 1115.77
712.024 1120.44
4
489.809 1332.11
480.837 1301.39
632.856 1256.99
641.827 1287.71
4
690.587 979.877
661.405 993.007
538.313 719.423
567.495 706.293
4
638.296 1048.3
631.132 1079.49
345.851 1013.96
353.015 982.769
4
473.401 922.225
441.884 916.691
472.488 742.388
504.006 747.922
4
19.4508 756.353
19.3503 724.353
244.349 723.647
244.45 755.647
4
285.274 683.964
272.875 713.465
93.0787 637.901
105.477 608.4
4
321.596 842.547
289.609 841.648
295.298 639.363
327.285 640.262
4
1165.4 327.043
1151.33 355.783
881.896 223.857
895.968 195.117
4
1070.6 231.016
1038.8 234.551
1022.22 85.349
1054.02 81.8147
4
1149.16 1276.08
1121.15 1260.61
1266.24 998.019
1294.25 1013.49
4
1296.92 954.899
1294.99 922.957
1519.58 909.401
1521.51 941.343
4
1448.99 895.365
1420.86 910.619
1344.1 769.067
1372.23 753.813
4
1472.65 230.953
1441.8 222.44
1501.65 5.5474
1532.5 14.0602
4
1586.3 243.679
1554.34 242.227
1562.08 71.643
1594.05 73.0948
4
1379.29 383.385
1352.9 365.278
1443.14 233.799
1469.52 251.906
4
765.632 740.622
737.032 726.267
837.968 525.178
866.568 539.533
4
758.406 789.824
750.462 758.826
1005.47 693.471
1013.41 724.469
4
1086.88 892.926
1071.02 920.721
849.687 794.452
865.544 766.657
4
566.998 554.012
562.025 522.401
710.202 499.088
715.175 530.699
4
528.93 648.493
497.118 651.957
480.025 494.995
511.837 491.531
4
545.895 411.585
542.554 443.411
288.694 416.763
292.035 384.938
4
561.856 1529.04
545.712 1556.67
351.444 1443.16
367.588 1415.53
4
669.464 1142.82
653.19 1170.37
524.036 1094.08
540.31 1066.53
4
756.207 1128.31
724.272 1126.28
740.277 874.95
772.212 876.984
4
1596.47 1408.14
1580.38 1435.79
1450.73 1360.36
1466.82 1332.71
4
1462.71 1405.35
1445.06 1432.04
1283.97 1325.49
1301.62 1298.8
4
1212.43 1506.17
1181.82 1496.82
1227.15 1348.32
1257.76 1357.67
4
1361.68 436.198
1329.94 440.221
1292.22 142.602
1323.96 138.579
4
1437.3 519.711
1429.35 550.709
1206.85 493.679
1214.79 462.681
4
1442.33 655.146
1422.62 680.351
1252.68 547.415
1272.39 522.21
4
808.684 1545.47
777.451 1552.43
744.816 1406.03
776.049 1399.07
4
989.661 1413.43
977.059 1442.85
774.253 1355.96
786.855 1326.55
4
935.788 1582.13
909.223 1599.98
812.932 1456.6
839.497 1438.76
4
223.813 313.916
191.942 316.78
165.087 17.9844
196.958 15.1199
4
241.356 140.312
223.896 113.495
355.924 27.5346
373.384 54.3516
4
410.628 234.818
397.75 264.113
251.219 199.695
264.097 170.401
4
563.959 322.963
539.865 344.022
342.441 118.137
366.535 97.0783
4
902.319 289.422
888.202 318.14
686.281 218.878
700.398 190.16
4
0 0
0 1600
1600 1600
1600 0
