30
40
4
168.941 1528.68
154.626 1500.06
355.859 1399.42
370.174 1428.04
4
47.2528 1454.46
31.3793 1426.67
264.308 1293.6
280.182 1321.39
4
722.296 471.777
695.308 454.583
816.204 264.823
843.192 282.017
4
1256.37 1035.3
1225.97 1045.3
1179.13 902.798
1209.53 892.804
4
1289.89 243.185
1266.33 264.842
1164.81 154.415
1188.37 132.758
4
1324.85 63.3489
1322.56 95.2669
1058.32 76.3113
1060.61 44.3933
4
927.561 266.87
899.964 250.67
1043.68 5.86
1071.27 22.0599
4
467.922 509.863
436.005 507.548
452.278 283.137
484.195 285.452
4
352.185 441.21
324.951 424.408
435.336 245.495
462.57 262.298
4
165.027 294.526
158.521 263.195
413.923 210.164
420.429 241.495
4
964.134 565.99
932.136 566.296
929.266 266.31
961.264 266.004
4
875.239 1386.54
852.183 1408.73
748.161 1300.66
771.217 1278.47
4
710.148 1492.72
679.786 1482.61
730.585 1330.03
760.947 1340.14
4
451.585 834.466
420.405 827.268
471.015 608.034
502.195 615.232
4
1499.78 1514.09
1477.07 1536.63
1265.72 1323.71
1288.43 1301.17
4
704.13 964.969
702.011 996.899
402.67 977.031
404.789 945.101
4
844.648 1085.03
824.64 1110
697.356 1008.03
717.363 983.058
4
902.766 1167.83
896.141 1199.14
688.856 1155.28
695.48 1123.97
4
1205.39 1251.08
1174.28 1258.56
1139.21 1112.72
1170.32 1105.24
4
1081.61 1297.5
1049.61 1297.33
1050.88 1067.17
1082.88 1067.35
4
1202.04 1312.38
1179.44 1289.73
1292.47 1176.93
1315.08 1199.58
4
1460.01 982.993
1439.88 1007.87
1264.99 866.307
1285.12 841.434
4
1196.91 764.43
1164.92 763.42
1174.39 463.57
1206.38 464.58
4
1081.58 760.093
1051.98 747.923
1122.1 577.427
1151.69 589.597
4
911.05 718.516
899.126 688.82
1063.12 622.974
1075.04 652.669
4
382.589 132.919
368.247 161.525
167.111 60.6813
181.453 32.0753
4
466.191 79.2751
453.914 108.826
277.218 35.4126
289.495 5.86169
4
353.84 642.386
322.59 635.502
354.86 489.014
386.11 495.898
4
418.384 698.704
389.194 685.592
501.543 435.482
530.733 448.594
4
696.957 411.196
678.589 437.399
484.299 301.206
502.667 275.003
4
793.429 1517.73
788.535 1486.11
936.771 1463.17
941.665 1494.79
4
1024.77 1540.84
1021.42 1572.67
848.521 1554.46
851.871 1522.64
4
486.345 1432.26
465.91 1407.63
639.055 1263.94
659.49 1288.57
4
1354.24 165.897
1335.25 140.145
1455.96 51.1033
1474.95 76.8554
4
1579.88 467.866
1548.15 472.009
1509.32 174.534
1541.05 170.391
4
1402.11 250.178
1378.47 228.602
1496.48 99.3498
1520.11 120.926
4
1491.63 501.337
1461.04 510.717
1404.63 326.764
1435.23 317.384
4
376.169 1266.36
348.387 1250.48
460.031 1055.14
487.813 1071.02
4
224.675 592.519
199.436 612.191
107.225 493.881
132.464 474.209
4
555.245 902.489
531.64 880.883
683.555 714.911
707.16 736.517
4
0 0
0 1600
1600 1600
1600 0
