30
40
4
617.649 220.816
589.713 205.209
699.451 8.78397
727.387 24.391
4
563.662 288.436
533.31 298.572
470.083 109.246
500.435 99.1094
4
580.804 343.65
560.726 368.567
406.235 244.08
426.313 219.162
4
1045.78 393.705
1041.57 361.982
1264.62 332.395
1268.83 364.118
4
978.46 393.642
952.237 375.303
1039.21 250.929
1065.44 269.268
4
117.915 1167.64
86.9208 1159.68
142.885 941.756
173.879 949.715
4
343.677 1097.61
337.821 1129.07
143.312 1092.86
149.168 1061.4
4
808.269 1495.32
780.826 1478.86
935.131 1221.58
962.574 1238.04
4
699.587 1571.13
669.421 1560.45
767.34 1283.84
797.505 1294.52
4
887.358 1264.93
872.792 1293.42
654.063 1181.6
668.629 1153.11
4
1287.74 960.103
1258.59 973.315
1196.66 836.697
1225.81 823.485
4
1033.87 1291.49
1002.59 1284.75
1050.03 1064.81
1081.31 1071.55
4
1228.77 1275.48
1204.21 1295.99
1068.19 1133.07
1092.75 1112.56
4
1389.72 240.452
1377.74 210.779
1586.38 126.548
1598.36 156.221
4
1550.83 307.428
1539.28 337.27
1286.6 239.473
1298.15 209.63
4
870.77 770.406
852.899 743.861
977.33 660.094
995.201 686.639
4
1129.56 857.077
1100.86 871.243
997.96 662.806
1026.65 648.64
4
1577.76 88.6444
1571.91 120.104
1424.44 92.6556
1430.29 61.1959
4
1470.91 129.711
1454.49 157.177
1292.09 60.0846
1308.52 32.6189
4
1275 1440
1243.16 1436.78
1273.3 1138.3
1305.14 1141.52
4
1371.93 1385.09
1341.19 1376.18
1383.64 1229.77
1414.37 1238.67
4
1411.34 1581.64
1383.8 1597.92
1291.2 1441.31
1318.75 1425.03
4
152.575 1266.94
138.288 1238.31
406.725 1104.36
421.012 1132.99
4
262.001 1294.8
243.617 1268.61
455.308 1120.02
473.692 1146.22
4
524.465 1177.26
515.648 1146.5
804.035 1063.84
812.852 1094.6
4
416.022 1567.9
403.605 1538.4
610.978 1451.1
623.395 1480.6
4
572.397 1419.43
563.348 1450.13
327.217 1380.51
336.266 1349.82
4
317.597 1522.98
285.781 1526.41
263.991 1324.56
295.807 1321.13
4
1577.38 1088.86
1552.01 1108.36
1414.92 929.941
1440.29 910.444
4
97.6062 188.375
83.7608 159.525
218.994 94.625
232.839 123.475
4
154.688 335.432
128.023 317.741
282.69 84.618
309.355 102.309
4
175.245 445.876
147.324 430.243
276.102 200.245
304.023 215.879
4
760.595 830.976
757.595 799.117
981.605 778.024
984.605 809.883
4
748.641 900.295
743.29 868.746
913.732 839.841
919.082 871.39
4
60.0671 558.897
59.2131 526.908
284.133 520.903
284.987 552.892
4
347.701 472.695
346.616 504.677
113.5 496.763
114.586 464.782
4
655.182 542.489
651.083 574.225
502.318 555.011
506.417 523.275
4
789.827 666.286
761.745 681.629
643.993 466.103
672.076 450.761
4
839.497 260.597
814.55 280.639
720.603 163.703
745.55 143.661
4
960.507 313.539
929.239 320.344
867.748 37.8028
899.017 30.9978
4
0 0
0 1600
1600 1600
1600 0
