30
40
4
466.666 473.312
437.129 461.002
552.534 184.088
582.071 196.398
4
543.567 1419.39
521.199 1396.51
735.733 1186.81
758.101 1209.69
4
1410.61 288.1
1392.12 314.216
1208.49 184.2
1226.98 158.084
4
1320.03 604.529
1308.91 634.532
1168.27 582.371
1179.39 552.368
4
1250.82 714.749
1236.41 686.179
1389.35 609.022
1403.76 637.592
4
1302.28 557.851
1273.98 542.924
1352.43 394.163
1380.73 409.09
4
118.066 523.667
104.556 494.658
240.534 431.333
254.044 460.342
4
27.086 548.016
6.78239 523.282
194.999 368.778
215.303 393.512
4
1369.48 869.579
1351.43 896.005
1165.62 769.121
1183.67 742.695
4
1057.88 1028.74
1032.1 1009.78
1188.61 796.974
1214.39 815.934
4
356.458 264.823
342.269 236.141
543.942 136.377
558.131 165.059
4
956.29 584.834
944.347 555.146
1083.51 499.166
1095.45 528.854
4
965.375 527.084
954.758 496.896
1143.35 430.569
1153.97 460.757
4
351.764 1199.4
331.297 1224
158.336 1080.1
178.803 1055.5
4
942.798 172.85
912.622 183.5
862.702 42.0498
892.878 31.4003
4
555.452 1300.16
523.875 1294.97
560.348 1072.94
591.925 1078.13
4
1272.74 1121.94
1265.01 1090.89
1410.56 1054.66
1418.29 1085.71
4
1330.19 1147.14
1317.61 1176.57
1101.95 1084.33
1114.53 1054.91
4
632.764 304.866
620.757 275.204
898.836 162.634
910.843 192.296
4
1356.89 234.608
1346.04 204.504
1557.71 128.192
1568.56 158.296
4
1326.22 172.403
1295.9 182.635
1247.21 38.3628
1277.53 28.1313
4
1341.09 301.965
1320.78 326.692
1117.47 159.681
1137.78 134.954
4
304.065 93.8407
302.026 125.776
2.6353 106.659
4.67438 74.7243
4
369.617 212.335
337.968 217.065
315.502 66.7391
347.15 62.0091
4
320.637 1333.52
296.57 1354.61
98.8625 1128.98
122.93 1107.89
4
567.316 884.667
536.791 894.268
469.284 679.633
499.809 670.032
4
708.475 745.731
707.199 777.705
545.672 771.257
546.949 739.282
4
566.761 639.545
554.559 609.963
713.427 544.428
725.63 574.01
4
959.886 1135.13
954.079 1166.6
732.814 1125.77
738.621 1094.3
4
823.426 1304.78
800.765 1282.19
912.953 1169.67
935.614 1192.26
4
777.817 1075.54
770.517 1044.39
989.583 993.057
996.883 1024.21
4
873.725 1004.26
859.862 975.423
1031.19 893.068
1045.05 921.909
4
643.918 1528.21
612.591 1534.74
581.982 1387.89
613.309 1381.36
4
624.228 1547.97
621.838 1579.88
449.58 1566.98
451.97 1535.07
4
888.949 1335.42
884.571 1303.72
1181.75 1262.68
1186.13 1294.38
4
1352.48 963.191
1348.65 994.961
1199.72 977.009
1203.55 945.239
4
157.778 920.974
136.102 897.434
301.622 745.026
323.298 768.566
4
1156.24 1549.14
1143.73 1578.6
1005.66 1519.96
1018.17 1490.5
4
1246.64 1487.85
1223.19 1509.62
1088.05 1364.1
1111.5 1342.32
4
398.406 1235.1
378.258 1210.24
494.794 1115.8
514.942 1140.66
4
0 0
0 1600
1600 1600
1600 0
