30
40
4
1241.77 257.339
1219.47 280.286
1058.13 123.461
1080.43 100.514
4
1129.87 297.567
1105.58 318.397
984.151 176.792
1008.44 155.961
4
496.049 940.55
478.43 913.838
666.251 789.95
683.87 816.662
4
751.93 993.963
740.521 1023.86
531.963 944.266
543.372 914.37
4
466.229 964.524
435.097 957.121
490.036 726.098
521.168 733.501
4
782.063 1225
757.055 1205.03
850.637 1087.8
875.645 1107.77
4
611.589 630.039
580.965 620.755
668.011 333.661
698.635 342.945
4
691.727 777.545
667.786 756.312
780.55 629.162
804.492 650.395
4
314.034 648.188
287.684 666.345
117.466 419.312
143.816 401.155
4
263.499 444.654
234.823 458.856
159.518 306.802
188.194 292.6
4
218.489 255.755
213.058 287.291
58.6262 260.699
64.0566 229.163
4
234.937 615.476
225.301 645.991
82.2631 600.824
91.8986 570.309
4
63.2203 737.534
31.2403 738.664
23.4452 518.016
55.4252 516.887
4
255.296 244.583
237.052 218.293
421.904 90.0168
440.148 116.307
4
433.848 303.061
415.031 328.943
293.392 240.506
312.21 214.623
4
598.61 1573.34
575.85 1550.85
681.29 1444.16
704.05 1466.65
4
615.858 1504.89
596.142 1530.09
477.346 1437.17
497.062 1411.96
4
1376.59 667.262
1345.33 674.077
1297.41 454.238
1328.67 447.423
4
1418.54 865.252
1388.44 854.413
1490.06 572.148
1520.16 582.987
4
1452.87 894.463
1449.64 926.299
1261.3 907.188
1264.54 875.351
4
1009.82 371.479
984.718 391.325
845.179 214.821
870.282 194.975
4
737.773 330.659
711.515 312.37
812.095 167.966
838.354 186.255
4
713.341 278.649
683.543 290.315
578.431 21.8438
608.228 10.1774
4
1032.65 1363.18
1005.07 1379.39
891.045 1185.42
918.632 1169.21
4
1002.23 1433.1
976.698 1452.39
810.718 1232.68
836.251 1213.39
4
1254.46 1320.9
1226.14 1306
1365.84 1040.5
1394.16 1055.4
4
1548.88 1167.21
1528.84 1192.16
1411.92 1098.19
1431.96 1073.24
4
1431.63 1363.95
1399.63 1364.02
1399.1 1138.27
1431.1 1138.2
4
489.93 714.507
483.858 683.088
704.77 640.393
710.842 671.812
4
581.512 611.867
571.332 642.204
321.346 558.318
331.526 527.98
4
790.623 1035.78
778.727 1006.08
917.977 950.316
929.873 980.023
4
1004 950.337
984.201 975.474
791.742 823.85
811.545 798.714
4
805.262 883.037
803.765 915.002
647.156 907.666
648.654 875.701
4
1017.42 1535.81
1003.15 1507.17
1271.68 1373.39
1285.95 1402.03
4
1121.96 1432.22
1090.98 1424.23
1158.67 1161.65
1189.66 1169.64
4
1081.05 1363.61
1049.87 1356.41
1116.78 1066.56
1147.96 1073.76
4
501.288 1539.02
470.367 1547.26
393.112 1257.38
424.033 1249.14
4
124.03 1585.26
94.725 1598.11
34.4703 1460.74
63.775 1447.89
4
321.244 1433.28
319.616 1465.24
72.6159 1452.66
74.2437 1420.7
4
27.464 1454.97
3.70372 1433.54
137.697 1285.01
161.458 1306.44
4
0 0
0 1600
1600 1600
1600 0
