30
40
4
1046.05 1465.38
1020.95 1485.24
834.755 1250.02
859.845 1230.16
4
897.852 1378.71
887.368 1408.94
745.648 1359.79
756.132 1329.56
4
776.956 821.507
759.035 794.996
945.444 668.993
963.365 695.504
4
762.144 734.147
745.612 706.749
878.449 626.597
894.981 653.995
4
887.016 986.553
862.235 966.307
1005.39 791.076
1030.17 811.321
4
1322.4 510.666
1292.36 499.628
1344.1 358.834
1374.14 369.872
4
1508.34 332.463
1497.48 362.566
1271.41 281.054
1282.27 250.951
4
738.612 1180.16
708.107 1189.83
662.788 1046.84
693.293 1037.17
4
1530.75 773.973
1505.5 793.621
1367.35 616.027
1392.6 596.379
4
1581.73 725.151
1552.27 737.655
1457.09 513.421
1486.54 500.917
4
1575.89 479.342
1569.67 510.732
1361.38 469.453
1367.6 438.064
4
398.294 1331.26
375.267 1309.04
531.506 1147.14
554.533 1169.36
4
258.373 173.849
233.246 154.035
326.127 36.2506
351.254 56.0652
4
1401.13 1115.52
1380.71 1140.16
1207.47 996.578
1227.89 971.941
4
1027.89 1196.21
1020.44 1165.09
1243.53 1111.63
1250.99 1142.75
4
1005.33 1260.11
1000.71 1228.45
1251.5 1191.81
1256.13 1223.47
4
444.994 541.892
421.6 563.726
216.906 344.408
240.3 322.574
4
1059.59 235.633
1054.12 204.104
1201.91 178.467
1207.38 209.996
4
1101.55 340.963
1075.6 359.678
976.394 222.092
1002.35 203.377
4
1418.6 1163.42
1389.84 1149.39
1488.5 947.176
1517.26 961.207
4
1413.59 1202.13
1410.68 1170.26
1564.81 1156.19
1567.72 1188.06
4
1325.63 1298.39
1323.51 1266.46
1565.71 1250.39
1567.83 1282.32
4
297.51 988.165
285.623 1017.88
7.08969 906.435
18.9767 876.725
4
375.925 939.067
348.834 956.099
190.363 704.042
217.453 687.01
4
411.487 832.59
380.16 826.059
415.735 655.413
447.061 661.943
4
485.643 613.866
483.133 645.767
184.057 622.234
186.567 590.333
4
703.753 632.763
693.611 602.412
978.147 507.337
988.289 537.688
4
996.967 707.592
968.208 693.561
1044.72 536.735
1073.48 550.766
4
1018.49 530.748
991.25 513.954
1078.31 372.75
1105.55 389.544
4
915.703 45.0531
911.744 76.8071
762.897 58.2469
766.856 26.4929
4
949.404 208.255
931.251 234.607
708.457 81.1314
726.611 54.7789
4
180.718 1107.46
156.91 1128.84
56.6822 1017.24
80.4901 995.859
4
46.0221 1201.88
44.4151 1169.92
226.031 1160.78
227.638 1192.74
4
36.8525 1203.26
4.85587 1203.73
1.79302 993.81
33.7896 993.343
4
542.35 654.048
522.101 629.27
638.25 534.352
658.499 559.13
4
1154.78 907.64
1136.66 881.264
1322.12 753.86
1340.24 780.236
4
1376.82 769.672
1348.38 784.34
1244.24 582.41
1272.68 567.742
4
975.997 495.409
944.231 491.544
971.403 268.191
1003.17 272.056
4
303.577 1198.47
276.873 1216.1
194.223 1090.93
220.927 1073.3
4
290.572 1355.47
265.601 1335.46
398.585 1169.51
423.556 1189.53
4
0 0
0 1600
1600 1600
1600 0
