30
40
4
827.12 1358.22
804.565 1335.52
1017.38 1124.08
1039.93 1146.78
4
1006.96 859.74
994.312 889.135
718.74 770.56
731.388 741.165
4
956.993 756.078
942.204 727.7
1134.37 627.557
1149.15 655.934
4
1217.01 800.445
1185.9 792.944
1233.11 597.166
1264.22 604.667
4
282.313 230.101
257.963 209.339
355.287 95.1985
379.637 115.961
4
561.107 361.601
538.297 384.044
356.927 199.711
379.737 177.267
4
328.879 555.61
303.832 535.693
436.452 368.92
461.498 388.837
4
241.144 1257.35
215.401 1276.36
81.7557 1095.35
107.499 1076.34
4
501.694 1513.95
477.527 1534.93
379.206 1421.65
403.373 1400.67
4
526.522 1566.38
496.225 1556.08
549.097 1400.54
579.394 1410.84
4
494.214 1475.94
467.307 1458.62
562.765 1310.34
589.672 1327.66
4
1509.44 621.35
1478.11 614.829
1523.96 394.55
1555.29 401.071
4
868.919 778.272
842.405 760.355
968.381 573.928
994.895 591.845
4
850.199 537.034
844.413 505.562
999.479 477.055
1005.27 508.527
4
836.367 1255.77
811.326 1275.69
671.233 1099.63
696.274 1079.71
4
725.597 1289.23
702.886 1311.77
526.35 1133.92
549.061 1111.38
4
539.391 1188.83
508.292 1196.37
454.772 975.602
485.871 968.062
4
1340.97 323.749
1311.44 311.429
1426.93 34.5513
1456.46 46.8705
4
1521.54 269.589
1492.08 282.083
1429.83 135.304
1459.29 122.809
4
1289.57 315.816
1285.98 347.614
1136.93 330.784
1140.52 298.986
4
1092.2 297.41
1073.51 271.433
1229.95 158.9
1248.63 184.877
4
1241.97 466.239
1221.01 490.415
1100.13 385.598
1121.1 361.422
4
1093.58 968.288
1064.39 955.185
1156.52 749.912
1185.71 763.015
4
1220.86 1127.19
1189.2 1131.89
1155.45 904.61
1187.11 899.91
4
575.458 358.417
546.375 345.067
640.242 140.583
669.325 153.933
4
529.617 287.416
497.635 286.356
504.061 92.4975
536.044 93.5577
4
742.212 205.721
710.212 205.796
709.755 10.7965
741.755 10.7215
4
350.518 1384.64
347.147 1416.46
197.982 1400.66
201.353 1368.84
4
232.335 1314.22
229.345 1282.36
411.26 1265.29
414.25 1297.15
4
798.639 614.684
767.335 621.322
720.661 401.216
751.965 394.578
4
561.37 712.998
559.522 681.051
733.876 670.966
735.723 702.913
4
1473.41 1096.41
1447.11 1114.64
1276.19 868.09
1302.49 849.859
4
592.853 914.234
562.288 923.71
473.447 637.166
504.012 627.69
4
394.661 917.215
368.035 899.465
460.381 760.939
487.007 778.689
4
800.996 959.469
797.945 991.323
515.318 964.256
518.369 932.402
4
911.867 1490.41
882.793 1503.78
820.133 1367.49
849.207 1354.12
4
891.827 1519.11
887.439 1550.81
676.495 1521.61
680.883 1489.91
4
1587.42 809.265
1560.45 826.484
1439.38 636.835
1466.35 619.616
4
1521.77 372.209
1520.84 404.195
1295.93 397.691
1296.86 365.705
4
1379.3 465.866
1362.92 493.352
1227.71 412.747
1244.1 385.261
4
0 0
0 1600
1600 1600
1600 0
