30
40
4
1265.13 795.801
1236.1 782.332
1362.37 510.199
1391.4 523.668
4
1349.52 855.175
1348.31 823.197
1528.71 816.397
1529.91 848.374
4
1231.84 954.766
1207.09 934.474
1323.13 792.986
1347.87 813.278
4
705.701 247.473
674.08 242.563
708.599 20.2272
740.22 25.1366
4
614.183 287.825
583.815 277.736
638.065 114.447
668.433 124.537
4
676.905 341.253
659.53 314.381
838.382 198.733
855.757 225.604
4
1204.67 281.829
1183.37 305.713
1015.43 155.971
1036.73 132.087
4
116.577 665.207
106.521 634.828
248.923 587.693
258.979 618.072
4
637.376 1343.34
615.589 1366.78
505.724 1264.66
527.511 1241.22
4
590.543 1357.18
580.64 1387.6
341.226 1309.68
351.129 1279.25
4
428.352 1551.94
401.003 1535.33
494.239 1381.85
521.588 1398.46
4
235.744 1204.12
203.818 1201.93
214.056 1052.28
245.982 1054.47
4
120.121 1119.15
89.492 1109.89
151.371 905.336
182 914.602
4
337.502 1057.29
310.105 1073.83
180.589 859.253
207.986 842.716
4
373.165 236.007
343.694 223.54
402.135 85.3927
431.606 97.8601
4
395.307 316.095
376.142 341.721
182.927 197.216
202.092 171.591
4
93.3739 210.617
79.0863 181.984
288.521 77.4792
302.808 106.112
4
1014.71 506.461
1006.98 475.409
1298.09 402.939
1305.82 433.991
4
1187.73 538.58
1182.04 570.069
906.918 520.289
912.615 488.801
4
824.611 602.24
796.079 587.75
880.668 421.189
909.2 435.679
4
795.358 1456.29
765 1446.17
836.142 1232.71
866.5 1242.83
4
1175.27 353.529
1164.92 323.25
1377.83 250.471
1388.18 280.75
4
1483.83 347.119
1453.05 355.854
1374.07 77.5062
1404.86 68.7715
4
1560.84 315.428
1529.67 322.675
1466.66 51.6377
1497.83 44.3915
4
758.944 1262.03
743.5 1290.06
480.756 1145.27
496.2 1117.24
4
628.802 1081.38
613.156 1109.3
406.511 993.463
422.158 965.549
4
477.132 965.299
469.237 934.288
746.021 863.815
753.916 894.826
4
1004.16 1006.57
1002.38 974.624
1227.04 962.125
1228.82 994.076
4
48.9159 552.516
33.1297 524.68
294.084 376.684
309.87 404.52
4
306.786 641.78
279.846 624.51
383.598 462.671
410.537 479.941
4
563.997 648.388
561.557 680.295
363.416 665.143
365.856 633.236
4
1342.73 1116.85
1323.99 1090.91
1445.57 1003.05
1464.31 1028.99
4
499.555 481.8
481.81 455.171
669.045 330.4
686.79 357.029
4
610.874 477.782
594.878 450.067
727.99 373.243
743.985 400.958
4
688.288 532.704
672.475 504.884
856.689 400.181
872.501 428.001
4
984.927 1409.81
963.089 1386.42
1182.37 1181.69
1204.21 1205.08
4
1037.75 427.408
1006.38 433.741
961.852 213.192
993.219 206.859
4
541.072 742.042
535.732 710.491
683.628 685.458
688.968 717.009
4
213.716 1514.31
184.094 1502.2
297.584 1224.49
327.206 1236.6
4
221.587 1362.51
202.253 1388.01
37.0084 1262.72
56.3424 1237.22
4
0 0
0 1600
1600 1600
1600 0
