30
40
4
1456.46 622.22
1428.42 637.642
1283.84 374.78
1311.88 359.358
4
1142.23 687.229
1142.23 655.229
1311.12 655.229
1311.12 687.229
4
1006.6 1374.75
982.563 1395.88
784.502 1170.55
808.537 1149.42
4
197.014 555.087
183.088 526.277
453.186 395.713
467.112 424.523
4
1131.16 873.831
1099.75 879.977
1070.94 732.769
1102.35 726.623
4
1575.63 284.651
1556.78 310.51
1435.57 222.149
1454.42 196.29
4
1418.33 487.298
1387.65 478.215
1449.05 270.796
1479.73 279.879
4
1504.78 653.318
1473.36 647.27
1506.24 476.421
1537.66 482.469
4
582.11 1397.52
573.641 1428.38
428.99 1388.68
437.459 1357.82
4
729.522 1316.06
697.915 1311.06
744.778 1014.74
776.385 1019.74
4
693.616 1048.16
662.106 1053.75
623.198 834.146
654.708 828.563
4
68.5927 435.17
36.6593 433.106
56.0073 133.73
87.9407 135.794
4
198.212 340.776
166.708 346.388
123.852 105.826
155.356 100.213
4
1102 1144.55
1090.27 1174.32
950.705 1119.35
962.433 1089.58
4
483.388 331.369
455.67 347.36
380.712 217.431
408.43 201.44
4
332.487 198.43
324.796 167.368
515.434 120.165
523.125 151.227
4
1305.11 529.689
1275.8 542.543
1155.29 267.811
1184.6 254.957
4
1104.53 286.482
1085.39 260.837
1212.37 166.064
1231.51 191.708
4
1398.55 193.362
1380.52 219.799
1182.38 84.6741
1200.4 58.2364
4
119.09 798.763
100.674 772.594
346.01 599.937
364.426 626.106
4
101.344 848.027
86.5108 819.673
267.429 725.026
282.263 753.381
4
476.822 923.946
445.739 931.553
410.078 785.854
441.161 778.247
4
534.094 1024.36
502.928 1031.62
454.137 822.046
485.304 814.79
4
1110.56 1432.92
1081.53 1446.38
986.838 1242.28
1015.87 1228.82
4
1327.72 589.889
1314.24 618.91
1110.18 524.111
1123.66 495.09
4
1196.53 570.677
1186.18 600.956
989.061 533.568
999.412 503.289
4
909.574 520.285
894.598 492.006
1075.86 396.017
1090.84 424.296
4
1538.14 1320.34
1507.69 1330.18
1438.56 1116.06
1469.01 1106.22
4
1371.7 1088.98
1364.34 1057.84
1558.62 1011.93
1565.98 1043.07
4
1432.03 1218.44
1404.43 1234.64
1326.69 1102.21
1354.29 1086.01
4
242.768 1128.85
221.98 1104.52
393.032 958.35
413.82 982.678
4
535.902 1335.18
504.565 1341.66
458.998 1121.32
490.335 1114.84
4
583.722 1284.41
553.421 1274.12
610.628 1105.65
640.929 1115.94
4
459.048 1476.16
431.548 1492.52
328.227 1318.89
355.727 1302.53
4
1282.38 1083.06
1252.73 1071.03
1337.32 862.538
1366.97 874.57
4
1225.31 849.209
1221.11 817.485
1482.06 782.954
1486.25 814.678
4
1369.69 1031.74
1356.17 1002.73
1521.74 925.562
1535.26 954.567
4
752.603 178.326
730.552 201.516
567.497 46.4737
589.548 23.2837
4
680.345 288.762
669.067 258.815
900.758 171.564
912.036 201.511
4
858.153 442.513
828.516 454.581
763.192 294.151
792.829 282.083
4
0 0
0 1600
1600 1600
1600 0
