30
40
4
281.019 548.517
272.763 579.434
55.3808 521.383
63.6369 490.466
4
1259.97 1400.67
1228.64 1407.2
1182.73 1186.93
1214.06 1180.4
4
63.5529 1345.34
43.5772 1320.34
277.947 1133.06
297.923 1158.06
4
1037.96 380.265
1013.17 360.027
1108.04 243.835
1132.83 264.073
4
875.778 319.261
864.209 289.425
1065.24 211.479
1076.81 241.315
4
1501.41 1044.08
1479.26 1067.18
1316.89 911.417
1339.04 888.325
4
1337.92 1252.01
1305.93 1252.43
1303.08 1034.14
1335.08 1033.72
4
122.895 806.945
95.6617 790.142
213.805 598.655
241.038 615.458
4
1060.14 674.483
1053.63 705.815
906.763 675.317
913.27 643.985
4
931.312 844.992
915.534 817.152
1127.27 697.157
1143.05 724.997
4
439.7 963.947
409.132 954.48
475.7 739.553
506.268 749.02
4
377.54 646.46
345.808 642.326
384.56 344.84
416.292 348.974
4
500.542 432.363
470.306 442.841
381.371 186.225
411.607 175.747
4
876.056 1429.72
867.771 1460.63
650.444 1402.38
658.729 1371.47
4
905.526 1398.22
874.392 1405.61
833.413 1233.03
864.548 1225.64
4
970.472 479.459
970.331 447.46
1270.33 446.141
1270.47 478.14
4
535.499 1454.47
503.5 1454.73
502.301 1304.73
534.3 1304.47
4
638.121 1343.2
610.413 1359.21
467.487 1111.83
495.195 1095.82
4
189.474 319.93
184.471 288.323
332.626 264.87
337.629 296.477
4
269.728 375.571
258.056 405.367
105.485 345.598
117.157 315.803
4
169.509 436.343
159.034 466.58
7.91564 414.228
18.3906 383.991
4
1460.34 635.829
1428.73 630.83
1452.16 482.671
1483.77 487.67
4
1258.65 738.981
1252.37 707.603
1524.61 653.124
1530.88 684.502
4
1361.24 638.35
1350.76 668.584
1132.45 592.88
1142.94 562.646
4
1246.39 423.479
1216.06 413.276
1287.81 200.021
1318.14 210.224
4
1373.01 480.879
1341.03 481.958
1331.09 187.361
1363.07 186.281
4
1477.74 156.918
1459.26 183.041
1324.93 87.9977
1343.41 61.8753
4
702.253 309.378
676.903 289.849
768.447 171.022
793.797 190.551
4
726.935 206.406
700.568 224.538
576.844 44.6179
603.211 26.4861
4
687.909 877.298
664.854 855.106
820.891 693.002
843.946 715.194
4
657.978 715.121
635.366 692.478
809.842 518.251
832.453 540.894
4
1429.18 775.135
1424.83 806.838
1201.92 776.265
1206.27 744.562
4
1094.82 815.552
1075.71 789.889
1219.77 682.574
1238.88 708.236
4
31.0975 341.98
4.83925 323.691
176.302 77.5196
202.561 95.809
4
310.391 190.903
284.237 209.34
152.744 22.8021
178.899 4.36521
4
453.574 1175.35
422.06 1169.8
474.126 874.349
505.64 879.903
4
266.273 1227.3
265.911 1195.3
494.391 1192.72
494.753 1224.72
4
982.601 1005.62
953.094 1018
836.999 741.379
866.506 728.995
4
950.027 1127.27
922.741 1143.99
771.181 896.59
798.468 879.873
4
1009.82 1193.5
978.467 1187.12
1023.38 966.462
1054.74 972.845
4
0 0
0 1600
1600 1600
1600 0
