30
40
4
900.832 1397
894.523 1428.37
747.468 1398.8
753.777 1367.43
4
907.471 1572.79
876.497 1564.75
943.2 1307.69
974.174 1315.72
4
994.007 1515.6
962.603 1509.45
1000.96 1313.46
1032.37 1319.61
4
917.698 1271.52
885.968 1267.38
915.102 1044.28
946.832 1048.42
4
230.686 1131.99
224.91 1100.52
446.214 1059.91
451.99 1091.38
4
1369.26 963.396
1355.02 992.052
1153.54 891.904
1167.78 863.248
4
1355.28 1121.83
1327.64 1137.96
1249.06 1003.32
1276.7 987.193
4
1235.08 889.433
1222.25 860.114
1366.03 797.232
1378.86 826.551
4
956 720.907
941.096 692.59
1140.2 587.793
1155.1 616.11
4
986.486 823.474
966.081 848.125
747.337 667.053
767.742 642.403
4
772.015 969.803
740.095 972.056
724.353 749.081
756.273 746.828
4
1182.73 420.59
1152.42 410.329
1224.57 197.21
1254.88 207.471
4
582.78 1381.23
580.962 1349.29
730.72 1340.77
732.538 1372.71
4
631.355 1451.7
611.726 1476.97
458.87 1358.25
478.499 1332.98
4
1405.41 820.145
1380.63 799.899
1522.99 625.655
1547.77 645.901
4
1481.26 640.113
1450.65 649.464
1392.65 459.634
1423.25 450.283
4
442.013 1159.96
440.245 1128.01
739.787 1111.44
741.555 1143.39
4
787.295 1321.93
755.352 1323.85
740.626 1079.19
772.568 1077.27
4
763.89 557.453
757.551 588.818
537.01 544.247
543.349 512.882
4
62.7506 523.263
42.9876 498.095
219.949 359.137
239.712 384.305
4
97.7819 450.118
65.8135 448.696
78.1615 171.036
110.13 172.458
4
1036.49 380.803
1004.52 379.652
1012.61 154.797
1044.58 155.948
4
817.082 424.78
809.214 455.798
663.818 418.92
671.686 387.902
4
889.376 526.622
884.749 558.286
721.112 534.376
725.738 502.712
4
273.109 559.752
255.81 532.832
508.191 370.648
525.49 397.568
4
430.358 356.112
416.008 327.511
554.342 258.103
568.693 286.705
4
535.646 390.617
515.623 365.655
649.329 258.405
669.351 283.367
4
91.8874 913.382
87.5699 881.675
310.513 851.318
314.83 883.025
4
636.332 893.086
620.032 920.624
361.868 767.814
378.168 740.276
4
503.174 759.838
475.263 744.187
572.646 570.516
600.557 586.167
4
1090.16 1184.12
1061.71 1198.78
958.641 998.778
987.086 984.119
4
1124.21 957.862
1118.64 989.374
858.948 943.479
864.517 911.968
4
1048.66 942.566
1024.66 921.401
1186.47 737.917
1210.47 759.081
4
67.4015 732.439
42.2805 712.616
135.198 594.861
160.32 614.684
4
1440.27 632.933
1412.14 648.187
1269.13 384.467
1297.26 369.213
4
389.801 329.454
361.667 314.208
504.599 50.446
532.733 65.6921
4
183.802 79.8164
179.883 48.0573
409.725 19.696
413.644 51.4551
4
336.778 410.811
305.101 415.342
267.277 150.913
298.955 146.382
4
896.282 392.269
870.828 411.662
689.018 173.031
714.472 153.638
4
349.858 1507.04
335.704 1535.74
66.6425 1403.06
80.7957 1374.36
4
0 0
0 1600
1600 1600
1600 0
