30
40
4
561.402 1160.25
530.87 1169.83
463.498 955.153
494.03 945.571
4
655.28 901.721
648.744 933.046
359.826 872.765
366.362 841.44
4
182.842 618.564
162.291 594.036
334.758 449.536
355.309 474.064
4
146.858 671.566
118.011 685.416
24.396 490.424
53.2437 476.574
4
38.0318 735.895
6.03817 735.257
9.61702 555.892
41.6107 556.531
4
447.345 592.72
417.596 580.931
472.855 441.48
502.604 453.269
4
836.552 1566.36
805.377 1573.58
771.548 1427.44
802.723 1420.22
4
942.867 1433.6
913.714 1446.79
849.759 1305.47
878.912 1292.28
4
1347.13 951.387
1320.73 969.469
1235.97 845.713
1262.37 827.631
4
1262.33 1083.09
1248.05 1054.45
1466.3 945.639
1480.58 974.276
4
1494.21 1170.61
1478.16 1198.29
1301.75 1095.96
1317.81 1068.28
4
1211.91 482.058
1182.21 493.967
1126.39 354.742
1156.09 342.833
4
1059.18 449.145
1027.21 447.864
1036.05 227.316
1068.02 228.597
4
1010.11 240.159
978.688 234.101
1010.91 66.959
1042.33 73.0167
4
1210.91 703.431
1180.62 713.749
1083.89 429.769
1114.18 419.451
4
1288.9 1243.5
1258.16 1252.39
1216.5 1108.3
1247.24 1099.41
4
685.457 550.457
655.163 540.149
727.643 327.143
757.937 337.451
4
940.483 345.799
927.001 374.82
715.315 276.475
728.798 247.454
4
859.767 266.12
827.777 265.311
832.406 82.2942
864.396 83.1033
4
974.01 1113.47
946.619 1130.02
830.29 937.425
857.681 920.881
4
914.591 1173.87
911.901 1205.76
618.912 1181.04
621.602 1149.15
4
1343.14 125.529
1321.44 102.015
1431.66 0.271406
1453.36 23.7848
4
1547.9 1367.16
1529.07 1393.03
1407.8 1304.74
1426.63 1278.87
4
1370.54 243.566
1351.1 218.146
1470.26 127.034
1489.7 152.454
4
82.5553 270.088
55.8903 252.397
221.745 2.41212
248.41 20.1033
4
249.729 1010.61
220.865 996.797
350.371 726.189
379.235 740.003
4
483.402 1063.85
458.368 1083.78
309.185 896.413
334.219 876.481
4
334.685 1107
318.654 1134.69
59.0146 984.402
75.0456 956.707
4
1148.43 1006.27
1119.61 1020.19
989.174 750.026
1017.99 736.113
4
1025.81 856.68
1024.23 888.641
854.25 880.251
855.827 848.289
4
784.519 824.922
762.208 847.862
654.681 743.278
676.992 720.338
4
574.046 772.551
546.071 757.014
659.611 552.577
687.586 568.114
4
1248.21 398.442
1233.11 370.229
1431.49 264.058
1446.59 292.271
4
1544.1 485.771
1517.15 503.016
1401.44 322.136
1428.39 304.891
4
1221.89 565.844
1221.54 533.846
1509.99 530.676
1510.34 562.674
4
231.17 388.913
212.279 363.083
454.43 185.987
473.321 211.817
4
619.559 967.727
618.434 935.747
768.341 930.473
769.466 962.453
4
1320.07 857.931
1293.48 840.122
1460.43 590.869
1487.02 608.678
4
1582.25 868.634
1554.58 884.712
1462.84 726.837
1490.51 710.76
4
634.606 1360.45
633.149 1328.48
782.994 1321.65
784.451 1353.62
4
0 0
0 1600
1600 1600
1600 0
