30
40
4
1061.28 297.004
1033.04 312.055
927.217 113.496
955.457 98.4448
4
1090.93 1341.09
1060.54 1331.05
1107.57 1188.61
1137.96 1198.65
4
1080.19 1263.21
1048.3 1265.83
1032.75 1076.16
1064.64 1073.55
4
1064.89 1474.86
1048.02 1447.68
1241.27 1327.74
1258.14 1354.92
4
495.364 648.48
488.269 617.276
634.536 584.02
641.631 615.224
4
1439.72 1241.54
1411.56 1226.34
1554.08 962.356
1582.24 977.558
4
1313.48 1345.41
1284.38 1332.12
1405.46 1067.03
1434.57 1080.32
4
149.681 1191.59
135.187 1163.06
268.919 1095.11
283.413 1123.64
4
1100.62 773.775
1083.82 801.011
828.481 643.525
845.28 616.289
4
1182.35 342.372
1157.11 362.036
1018.85 184.528
1044.09 164.864
4
1217.01 436.789
1185.58 430.751
1222.26 239.843
1253.69 245.881
4
1256.52 410.432
1225.64 402.055
1295.07 146.089
1325.95 154.466
4
429.916 1068.12
399.485 1058.22
445.884 915.579
476.315 925.477
4
465.299 1145.22
435.934 1132.5
524.795 927.309
554.16 940.025
4
805.32 1119.47
774.333 1111.48
811.78 966.23
842.767 974.219
4
850.978 1037.07
837.042 1008.27
990.124 934.207
1004.06 963.013
4
891.832 1056.8
880.47 1026.88
1113.11 938.523
1124.47 968.438
4
407.716 595.085
388.43 620.62
208.884 485.015
228.17 459.48
4
231.402 776.061
223.497 745.053
514.198 670.939
522.103 701.947
4
563.761 892.403
533.26 882.724
607.472 648.846
637.973 658.524
4
1391.94 970.932
1384.39 939.834
1530.16 904.468
1537.71 935.566
4
1401.58 1387.72
1396.56 1419.33
1248.42 1395.78
1253.44 1364.17
4
1563.61 1432.79
1547.62 1460.51
1371.53 1358.95
1387.52 1331.23
4
1513.25 1585.74
1481.78 1591.54
1452.75 1434.04
1484.22 1428.24
4
255.86 848.211
234.812 872.314
8.84046 674.989
29.8884 650.886
4
289.93 678.366
270.333 703.664
40.8432 525.883
60.4404 500.586
4
1231.77 1101.01
1222.5 1131.64
1078.93 1088.19
1088.2 1057.56
4
1159.61 1243.57
1140.83 1217.66
1351.56 1064.96
1370.34 1090.87
4
1308.75 1073.76
1279.1 1085.81
1197.2 884.289
1226.84 872.24
4
643.663 223.137
632.385 193.19
913.137 87.4632
924.415 117.41
4
1405.15 570.747
1380.3 550.587
1522.05 375.853
1546.9 396.013
4
1580.24 327.37
1577.73 359.271
1405.42 345.713
1407.93 313.812
4
197.339 290.834
168.637 304.982
69.1605 103.166
97.8631 89.0184
4
255.855 330.396
224.568 323.678
267.989 121.437
299.276 128.154
4
367.146 307.847
335.63 313.39
293.697 74.9792
325.214 69.4361
4
474.999 612.75
443.08 610.486
459.001 386.05
490.92 388.314
4
176.163 1470.88
157.705 1444.74
280.237 1358.22
298.695 1384.36
4
283.255 1565.91
265.417 1592.47
56.6988 1452.34
74.5365 1425.77
4
112.682 1351.49
108.872 1319.72
399.382 1284.89
403.191 1316.66
4
1371.3 974.692
1339.35 976.535
1326.4 751.908
1358.35 750.065
4
0 0
0 1600
1600 1600
1600 0
