30
40
4
864.619 417.887
854.688 387.467
997.281 340.913
1007.21 371.333
4
888.733 1187.25
857.086 1191.99
834.867 1043.65
866.514 1038.91
4
1026.47 294.605
1022.18 262.893
1170.83 242.795
1175.12 274.507
4
1294.8 284.545
1264.1 293.569
1193.16 52.229
1223.86 43.2048
4
1320.51 446.66
1288.58 444.486
1306.27 184.673
1338.2 186.847
4
975.663 1407.43
968.05 1376.35
1259.44 1304.97
1267.05 1336.05
4
697.667 794.101
665.679 793.212
671.933 568.299
703.921 569.188
4
603.748 754.587
571.771 753.366
579.822 542.515
611.798 543.736
4
556.724 923.407
543.543 952.566
270.176 828.993
283.357 799.834
4
367.673 1157.8
335.984 1162.26
299.879 905.234
331.568 900.782
4
716.769 935.952
694.236 958.673
587.731 853.048
610.264 830.327
4
701.677 1054.02
679.897 1077.46
568.825 974.28
590.604 950.835
4
213.109 837.971
193.055 813.034
368.391 672.029
388.445 696.966
4
527.999 708.187
508.094 733.242
359.136 614.901
379.041 589.845
4
1401.3 853.924
1371.55 842.126
1454.5 632.976
1484.25 644.774
4
1532.29 924.553
1500.9 930.778
1463.57 742.504
1494.96 736.279
4
562.291 1348.02
556.929 1379.57
335.109 1341.88
340.471 1310.33
4
372.53 1513.18
349.742 1490.72
470.454 1368.27
493.243 1390.74
4
611.126 1460.6
586.319 1440.38
681.074 1324.1
705.881 1344.32
4
465.868 1507.22
444.444 1483.45
648.363 1299.67
669.786 1323.44
4
754.917 1546.96
723.893 1539.11
790.766 1274.57
821.79 1282.41
4
497.473 380.087
479.089 406.279
294.927 277.013
313.311 250.821
4
486.485 279.65
460.226 261.361
597.003 64.9896
623.261 83.2791
4
567.84 528.459
562.469 560.005
340.66 522.241
346.031 490.695
4
635.497 416.896
633.508 448.834
448.796 437.331
450.785 405.393
4
291.412 635.068
259.422 635.867
252.202 346.577
284.192 345.778
4
292.615 120.463
277.179 148.494
145.785 76.1373
161.221 48.1064
4
57.1324 261.458
27.3572 249.735
124.266 3.60038
154.041 15.3236
4
38.1218 954.867
10.7988 938.21
88.8782 810.133
116.201 826.79
4
83.7337 954.622
70.9481 925.287
258.136 843.701
270.922 873.036
4
201.87 778.899
182.496 804.367
21.4707 681.875
40.8448 656.406
4
1325.85 1542.05
1310.84 1513.79
1509.55 1408.25
1524.56 1436.51
4
1599.88 1552.1
1583.48 1579.57
1452.83 1501.57
1469.24 1474.1
4
827.837 1087.33
804.402 1109.12
702.263 999.269
725.698 977.479
4
741.378 1129.5
727.351 1158.27
557.921 1075.64
571.948 1046.88
4
550.981 1282.93
519.002 1284.11
512.642 1111.75
544.62 1110.57
4
1565.03 1225.38
1543.53 1249.08
1376.87 1097.92
1398.37 1074.22
4
238.41 1289.58
208.409 1278.45
260.59 1137.82
290.591 1148.95
4
231.983 1368.83
216.618 1340.76
448.339 1213.92
463.704 1241.99
4
1185.28 1181.77
1169.85 1209.8
972.723 1101.33
988.151 1073.3
4
0 0
0 1600
1600 1600
1600 0
