30
40
4
507.317 1112.32
496.095 1142.29
285.383 1063.38
296.605 1033.41
4
329.091 1121.16
322.271 1152.43
133.847 1111.32
140.668 1080.06
4
83.5171 1242.19
52.553 1234.11
121.834 968.482
152.798 976.558
4
669.481 1032.98
663.666 1001.51
884.919 960.622
890.734 992.089
4
851.904 1110.42
826.006 1091.62
979.831 879.695
1005.73 898.492
4
697.366 918.531
690.663 887.241
902.577 841.85
909.279 873.14
4
1124.94 123.585
1119.32 92.0815
1414.66 39.4155
1420.28 70.9185
4
1456 232.659
1424.25 236.663
1404.89 83.1682
1436.64 79.1649
4
750.714 778.151
742.284 747.281
1031.69 668.249
1040.12 699.119
4
709.614 767.149
680.762 753.308
799.766 505.246
828.618 519.087
4
694.833 794.12
672.623 817.157
547.575 696.597
569.785 673.56
4
735.735 423.421
735.293 391.424
1035.26 387.279
1035.71 419.276
4
956.383 313.166
951.896 344.849
779.258 320.399
783.746 288.715
4
1183.19 551.479
1154.11 564.838
1039.89 316.204
1068.97 302.846
4
1206.63 761.155
1174.73 758.66
1192.27 534.345
1224.17 536.84
4
1130.81 926.587
1104.73 908.043
1234.44 725.629
1260.52 744.173
4
571.585 634.262
540.725 642.726
481.215 425.738
512.075 417.274
4
1249.2 952.391
1218.71 942.664
1287.1 728.309
1317.59 738.036
4
1401.78 918.671
1370.25 924.106
1338.46 739.654
1370 734.22
4
1540.68 753.648
1528.36 783.184
1361.92 713.785
1374.23 684.25
4
71.3948 939.764
41.6975 927.845
125.505 719.036
155.202 730.955
4
149.132 832.3
122.708 814.25
279.181 585.181
305.604 603.23
4
385.661 772.905
370.997 801.347
232.822 730.104
247.486 701.662
4
1306.14 279.222
1299.51 310.529
1152.76 279.478
1159.39 248.171
4
1355.56 277.502
1332.6 299.787
1190.25 153.098
1213.21 130.812
4
687.065 1376.99
659.731 1393.63
581.735 1265.51
609.069 1248.87
4
51.6406 235.673
37.2003 207.116
171.059 139.427
185.5 167.984
4
170.632 1544.34
142.705 1559.96
69.4681 1429.06
97.3946 1413.44
4
1379.18 1245.75
1357.16 1268.97
1248.32 1165.75
1270.34 1142.53
4
1467.15 1093.62
1462.71 1125.31
1259.15 1096.81
1263.59 1065.11
4
1261.55 1051.35
1257.65 1019.59
1438.05 997.443
1441.95 1029.21
4
246.529 505.258
219.791 522.84
96.1712 334.842
122.909 317.26
4
162.385 653.933
130.794 659.03
93.3574 427.011
124.949 421.913
4
376.788 567.053
371.804 598.663
159.3 565.155
164.284 533.545
4
1557.96 204.799
1526.47 210.501
1499.74 62.9007
1531.23 57.1993
4
1576.55 357.024
1557.38 382.644
1341.05 220.75
1360.23 195.131
4
1548.07 422.276
1527.9 447.117
1388.7 334.086
1408.87 309.244
4
618.378 523.498
614.07 491.789
837.022 461.502
841.33 493.211
4
813.647 700.296
784.611 686.846
874.127 493.602
903.163 507.053
4
741.222 863.848
731.923 833.229
1018.98 746.052
1028.28 776.671
4
0 0
0 1600
1600 1600
1600 0
