30
40
4
345.652 337.911
316.034 350.025
259.248 211.189
288.866 199.075
4
1227.73 1096.27
1197.25 1105.99
1128.87 891.634
1159.35 881.909
4
1123.09 1388.67
1092.74 1398.82
1021.41 1185.43
1051.76 1175.28
4
996.144 1419.42
964.84 1426.05
923.777 1232.41
955.081 1225.77
4
937.642 1441.31
912.049 1460.51
766.2 1266.19
791.793 1246.98
4
658.683 980.615
643.212 952.603
774.517 880.085
789.988 908.097
4
896.801 1043.64
865.098 1048
837.991 850.527
869.693 846.175
4
934.37 1036.85
903.633 1027.95
958.949 836.898
989.686 845.798
4
787.062 677.832
773.307 706.725
502.438 577.768
516.193 548.875
4
810.85 733.578
810.679 765.578
569.842 764.287
570.014 732.287
4
731.192 882.597
721.96 851.958
971.275 776.839
980.506 807.479
4
137.433 553.167
136.097 521.195
285.967 514.933
287.303 546.905
4
1386.13 182.13
1363.11 159.909
1467.27 51.9704
1490.29 74.1911
4
1472.87 227.295
1445.87 210.126
1571.1 13.1505
1598.11 30.3192
4
1579.1 248.623
1578.32 280.614
1328.51 274.488
1329.29 242.498
4
1587.74 1245.36
1563.41 1266.14
1368.56 1038.04
1392.89 1017.26
4
1521.28 1235.24
1513.1 1266.18
1267.42 1201.23
1275.6 1170.29
4
804.395 1229.81
779.608 1209.58
921.905 1035.29
946.692 1055.52
4
1366.5 541.611
1334.85 546.321
1290.7 249.589
1322.35 244.879
4
1314.58 457.778
1302.82 487.54
1117.94 414.512
1129.7 384.749
4
670.522 553.427
654.604 581.187
524.478 506.573
540.396 478.813
4
587.846 467.418
578.73 436.744
803.983 369.8
813.099 400.474
4
666.942 409.939
638.76 394.782
727.652 229.505
755.835 244.663
4
490.069 192.05
479.556 161.826
621.231 112.55
631.744 142.774
4
1254.79 1012.52
1223.59 1019.6
1173.81 800.178
1205.01 793.098
4
678.058 863.655
666.705 893.573
456.342 813.745
467.695 783.827
4
270.762 1304.77
260.07 1274.61
472.138 1199.43
482.83 1229.59
4
357.175 1425.58
339.362 1452.16
104.106 1294.53
121.919 1267.95
4
905.503 319.178
882.337 297.103
1089.3 79.9216
1112.46 101.997
4
1076.62 452.496
1044.88 448.432
1067.38 272.717
1099.12 276.781
4
1166.13 1419.21
1135.03 1411.67
1170.37 1265.89
1201.47 1273.43
4
1213.82 1508.42
1187.3 1490.51
1274.83 1360.9
1301.35 1378.8
4
1492.55 838.237
1460.6 839.868
1452.95 690.063
1484.9 688.432
4
1583.58 912.119
1572.65 942.195
1382.99 873.272
1393.92 843.196
4
1577.32 697.662
1550.18 714.601
1470.78 587.338
1497.92 570.399
4
1593.34 535.62
1591.59 567.573
1421.21 558.25
1422.95 526.298
4
1582.11 502.476
1559.94 525.555
1432.47 403.122
1454.64 380.043
4
884.533 249.748
853.371 257.024
819.267 110.952
850.429 103.676
4
429.609 946.912
397.61 946.786
398.791 646.788
430.79 646.914
4
538.814 749.98
509.824 763.53
400.718 530.1
429.707 516.55
4
0 0
0 1600
1600 1600
1600 0
