30
45
4
1522.58 1050.62
1516.2 1081.98
1222.22 1022.18
1228.6 990.822
4
934.663 89.9208
927.618 58.7061
1073.94 25.6792
1080.98 56.8939
4
959.508 159.53
948.08 129.641
1194.05 35.5968
1205.48 65.4867
4
581.472 1363.75
578.001 1395.56
354.328 1371.15
357.799 1339.34
4
701.059 1371.87
684.95 1399.52
526.259 1307.07
542.369 1279.42
4
452.941 1484.3
438.276 1512.75
295.075 1438.91
309.74 1410.47
4
814.759 1064.4
793.113 1087.97
682.641 986.499
704.287 962.932
4
808.086 1260.11
778.884 1273.19
679.987 1052.46
709.19 1039.37
4
693.614 633.721
663.711 645.116
556.886 364.779
586.789 353.384
4
1097.73 587.874
1087.27 557.634
1370.77 459.526
1381.23 489.766
4
1223.77 496.75
1192.11 492.079
1217.13 322.509
1248.79 327.18
4
47.2174 662.895
19.9416 646.161
98.3826 518.305
125.658 535.039
4
219.689 770.805
188.312 777.088
147.678 574.192
179.055 567.908
4
93.2041 796.996
61.5617 792.226
87.4559 620.467
119.098 625.237
4
1424.43 397.62
1400.86 419.262
1197.97 198.28
1221.54 176.638
4
1514.76 454.063
1482.76 454.63
1477.84 176.814
1509.83 176.246
4
1288.65 170.043
1279.68 139.323
1464.32 85.4595
1473.28 116.179
4
158.932 1514.2
155.701 1546.04
6.46787 1530.9
9.69853 1499.06
4
107.567 1256.1
105.308 1224.18
254.933 1213.6
257.192 1245.52
4
506.035 890.454
494.27 860.695
633.765 805.546
645.53 835.305
4
626.133 1033.05
602.719 1054.86
409.949 847.928
433.363 826.117
4
614.878 1064.58
611.178 1096.36
407.235 1072.62
410.935 1040.84
4
221.901 1142.55
197.727 1163.52
50.2991 993.549
74.4727 972.581
4
290.123 981.868
276.15 1010.66
79.6431 915.279
93.6158 886.491
4
472.366 713.042
462.644 743.529
319.734 697.958
329.456 667.471
4
917.892 625.157
893.824 604.067
1042.11 434.843
1066.18 455.933
4
856.146 645.96
831.025 626.137
960.079 462.587
985.2 482.41
4
1145.37 1413.32
1114.19 1406.13
1164.73 1186.88
1195.91 1194.07
4
1227.72 1494.19
1195.74 1495.3
1188.46 1285.43
1220.44 1284.32
4
1119.52 1442.24
1097.38 1465.35
974.076 1347.22
996.213 1324.11
4
1066.33 390.072
1035.18 382.756
1069.47 236.728
1100.62 244.044
4
915.403 990.199
902.442 1019.46
765.297 958.701
778.258 929.444
4
894.885 1096.65
883.485 1066.75
1087.92 988.807
1099.32 1018.71
4
1088.33 1285.4
1057.51 1276.77
1117.7 1061.85
1148.51 1070.48
4
810.112 501.706
787.615 478.95
894.288 373.494
916.785 396.25
4
1003.18 374.717
974.093 388.067
905.042 237.633
934.124 224.283
4
915.637 272.03
895.794 297.135
767.075 195.399
786.917 170.294
4
437.458 181.988
405.458 182.012
405.342 32.0124
437.342 31.9876
4
446.899 286.63
418.038 272.807
534.897 28.8234
563.758 42.6464
4
1292.46 778.487
1287.59 746.861
1435.84 724.013
1440.71 755.639
4
1598.12 787.81
1580.27 814.366
1342.47 654.488
1360.33 627.932
4
622.832 802.073
596.765 783.513
727.268 600.227
753.335 618.787
4
496.607 670.788
466.277 660.585
540.911 438.742
571.24 448.946
4
450.039 542.329
424.494 561.602
327.259 432.723
352.804 413.45
4
324.2 257.157
303.872 281.871
130.1 138.943
150.428 114.229
4
0 0
0 1600
1600 1600
1600 0
