30
45
4
771.527 1478.71
754.669 1505.91
627.173 1426.89
644.031 1399.69
4
872.902 1446.63
852.769 1471.51
641.119 1300.19
661.252 1275.32
4
975.831 1365.96
965.356 1396.2
792.849 1336.44
803.324 1306.2
4
811.864 1447.81
794.387 1474.62
668.736 1392.69
686.213 1365.88
4
341.609 1145.42
310.811 1136.73
371.891 920.181
402.689 928.868
4
569.2 1213.22
555.263 1242.03
382.577 1158.48
396.514 1129.67
4
136.085 1464.82
105.711 1454.75
152.915 1312.38
183.289 1322.45
4
158.995 1555.39
153.585 1523.85
320.556 1495.21
325.966 1526.75
4
384.735 1456.93
375.831 1487.67
175.652 1429.67
184.557 1398.94
4
1233.01 1488.03
1201.78 1494.98
1169.19 1348.57
1200.42 1341.62
4
1186.59 1470.69
1169.38 1497.67
993.887 1385.67
1011.1 1358.69
4
823.815 173.809
822.328 141.843
1047.09 131.391
1048.57 163.357
4
1182.57 158.411
1162.43 183.284
1041.52 85.4098
1061.65 60.5367
4
978.281 526.699
948.956 513.89
1039.02 307.701
1068.34 320.51
4
1190.53 533.361
1178.91 563.175
1015.3 499.379
1026.92 469.565
4
1363.11 1097.68
1341.52 1121.31
1230.79 1020.12
1252.38 996.494
4
226.411 377.497
196.636 365.774
251.589 226.203
281.364 237.926
4
936.977 1504.11
933.766 1535.94
784.523 1520.89
787.734 1489.06
4
266.623 875.782
236.367 865.36
334.077 581.718
364.333 592.14
4
286.198 950.693
257.103 937.371
382.002 664.607
411.097 677.929
4
650.788 1541.14
646.48 1572.85
349.212 1532.46
353.52 1500.75
4
826.906 774.177
795.349 768.87
845.094 473.023
876.651 478.33
4
1532.97 811.172
1501.24 815.354
1462.03 517.928
1493.76 513.746
4
1476.2 658.607
1475.5 690.6
1323.29 687.298
1323.98 655.306
4
1571.77 816.368
1539.83 818.241
1530.62 661.22
1562.57 659.348
4
885.125 1194.84
866.17 1169.06
1107.88 991.357
1126.83 1017.14
4
902.488 974.802
899.018 942.991
1136.2 917.12
1139.67 948.932
4
1563.35 1032.68
1558.88 1064.36
1410.35 1043.42
1414.82 1011.74
4
1492.43 1214.2
1465.23 1231.06
1338.75 1027.05
1365.95 1010.18
4
736.021 1086.21
715.647 1110.89
599.979 1015.39
620.353 990.71
4
1098.85 753.572
1072.43 771.638
987.752 647.828
1014.17 629.762
4
304.434 413.531
278.925 394.209
460.066 155.069
485.575 174.391
4
489.09 474.301
459.381 462.409
566.163 195.631
595.872 207.523
4
639.368 170.479
622.965 197.955
424.919 79.7196
441.322 52.2436
4
51.8267 951.499
21.6509 940.849
71.5733 799.401
101.749 810.051
4
36.5574 794.668
28.4963 763.7
241.319 708.301
249.38 739.269
4
658.763 1208.7
654.545 1176.98
803.237 1157.2
807.455 1188.92
4
934.71 1232.56
933.373 1264.53
730.525 1256.05
731.862 1224.08
4
222.486 909.381
198.293 930.325
100.114 816.919
124.307 795.975
4
268.97 545.745
237.148 549.119
221.33 399.955
253.152 396.581
4
1169.71 458.723
1168.29 426.755
1467.99 413.477
1469.41 445.445
4
948.44 701.395
916.584 704.429
902.36 555.105
934.216 552.071
4
1030.36 762.979
1020.16 793.306
857.536 738.567
867.745 708.239
4
1516.7 373.369
1487.79 387.092
1391.3 183.831
1420.21 170.108
4
1263.65 237.075
1247.04 209.723
1388.58 123.777
1405.19 151.129
4
0 0
0 1600
1600 1600
1600 0
