30
45
4
824.771 616.146
794.773 627.286
690.329 346.054
720.327 334.914
4
564.107 569.385
553.405 539.228
721.358 479.627
732.06 509.784
4
585.347 670.715
578.812 639.39
731.304 607.577
737.839 638.902
4
881.375 1483.77
867.92 1512.8
731.825 1449.73
745.28 1420.7
4
498.922 891.609
475.04 912.908
325.278 744.991
349.16 723.692
4
1083.7 827.636
1054.06 839.685
941.098 561.764
970.742 549.715
4
1039.78 585.168
1008.32 590.998
974.957 410.958
1006.42 405.128
4
902.561 738.003
871.117 732.064
913.98 505.137
945.424 511.076
4
170.889 1329.98
153.963 1302.83
344.911 1183.82
361.837 1210.97
4
70.1486 1253.56
62.3893 1222.51
253.694 1174.7
261.454 1205.74
4
1379.47 1012.08
1347.65 1015.47
1331.73 866.32
1363.55 862.926
4
961.367 462.97
942.728 488.982
759.833 357.93
778.472 331.918
4
900.349 397.202
875.191 377.427
1008.91 207.302
1034.07 227.077
4
867.805 359.242
838.549 346.277
907.814 189.982
937.07 202.947
4
470.37 678.088
454.391 705.813
324.43 630.912
340.409 603.187
4
199.181 626.129
189.47 595.639
333.581 549.738
343.293 580.229
4
77.0306 709.35
71.3436 677.86
265.646 642.77
271.333 674.261
4
852.827 714.124
849.307 745.929
625.673 721.176
629.193 689.371
4
928.597 785.219
924.08 816.898
633.989 775.534
638.506 743.854
4
657.518 943
639.873 916.304
795.255 813.603
812.899 840.299
4
1037.06 213.458
1034.39 181.57
1333.34 156.542
1336.01 188.43
4
495.671 1204.33
464.359 1197.73
526.229 904.175
557.541 910.774
4
582.35 1046.63
551.121 1039.65
583.85 893.266
615.079 900.248
4
649.813 837.937
643.346 869.276
444.157 828.174
450.624 796.834
4
1381.17 505.435
1349.94 498.482
1382.53 352.065
1413.76 359.018
4
1510.77 859.792
1479.18 854.684
1503.13 706.608
1534.72 711.716
4
717.331 1306.28
685.333 1305.9
688.869 1005.92
720.867 1006.3
4
542.054 1264.13
525.008 1237.05
668.867 1146.51
685.912 1173.59
4
666.259 1396.19
634.261 1395.91
635.874 1209.27
667.873 1209.55
4
1273.82 1571.1
1252.92 1546.87
1423.28 1399.9
1444.18 1424.13
4
768.291 1587.24
738.307 1598.41
685.909 1457.86
715.893 1446.69
4
701.822 1413.76
699.463 1381.84
924.778 1365.19
927.137 1397.1
4
775.861 1362.91
755.526 1338.2
891.244 1226.51
911.579 1251.22
4
1261.45 804.201
1231.58 792.731
1285.35 652.699
1315.22 664.169
4
1204.57 752.629
1174.37 742.055
1267.27 476.718
1297.47 487.292
4
1083.7 617.957
1059.53 596.989
1193.36 442.704
1217.53 463.673
4
597.473 768.983
569.41 784.361
497.327 652.817
525.39 637.439
4
986.672 1540.97
955.123 1535.61
980.228 1387.73
1011.78 1393.09
4
1117.09 1403.33
1100.7 1430.81
931.613 1329.94
948.008 1302.46
4
1056.94 1557.61
1035.19 1534.14
1172.08 1407.3
1193.83 1430.77
4
1061.56 936.008
1048.08 906.987
1252.14 812.192
1265.62 841.213
4
1002.54 935.702
970.802 939.825
936.081 672.581
967.814 668.458
4
1073.66 1080.84
1043.38 1070.47
1094.51 921.303
1124.78 931.678
4
351.17 484.982
325.427 503.99
236.33 383.318
262.073 364.31
4
1538.07 982.243
1507.02 974.498
1543.33 828.957
1574.38 836.702
4
0 0
0 1600
1600 1600
1600 0
