30
45
4
640.767 1040.02
608.827 1038.06
622.633 813.48
654.573 815.444
4
88.4697 1100.29
79.3535 1069.61
295.03 1005.51
304.146 1036.19
4
931.15 1526.63
901.346 1514.98
1010.55 1235.57
1040.35 1247.22
4
757.734 1328.8
739.3 1302.64
901.224 1188.53
919.657 1214.69
4
758.936 1466.01
728.213 1474.95
652.956 1216.53
683.68 1207.58
4
451.938 1303.94
424.762 1320.84
305.962 1129.76
333.138 1112.86
4
359.725 1394.51
334.647 1414.39
164.502 1199.73
189.58 1179.85
4
488.196 1518.43
463.775 1497.75
560.704 1383.27
585.125 1403.95
4
1068.52 368.27
1036.52 368.888
1032.18 143.93
1064.18 143.312
4
854.188 265.394
853.013 233.416
1002.91 227.906
1004.09 259.884
4
850.662 322.003
819.369 328.69
771.732 105.768
803.026 99.0813
4
1145.7 780.064
1117.64 764.677
1261.9 501.636
1289.96 517.023
4
1300.54 486.998
1283.68 459.804
1422.75 373.548
1439.62 400.743
4
1045.49 533.082
1036.45 563.779
820.612 500.218
829.652 469.521
4
980.575 501.344
958.966 477.742
1095.26 352.959
1116.86 376.561
4
900.674 708.124
874.02 690.416
957.026 565.476
983.68 583.184
4
949.859 771.345
926.248 749.746
1052 612.271
1075.61 633.869
4
1081.34 948.465
1049.48 945.45
1073.65 690.091
1105.5 693.106
4
418.824 358.587
386.976 361.701
372.376 212.413
404.224 209.299
4
388.424 391.449
364.343 412.522
225.623 254.004
249.704 232.931
4
254.823 446.274
224.244 455.703
136.136 169.937
166.715 160.509
4
1330.42 1455.42
1329.54 1423.43
1479.48 1419.28
1480.36 1451.27
4
1363.84 1378.61
1358.65 1347.03
1506.66 1322.69
1511.85 1354.27
4
1420.1 723.29
1407.24 693.988
1544.6 633.71
1557.46 663.012
4
1472.12 636.259
1461.72 666.522
1294.54 609.076
1304.94 578.813
4
768.226 377.324
759.534 408.121
615.174 367.376
623.866 336.579
4
273.939 916.818
256.403 943.585
5.46089 779.182
22.9971 752.415
4
649.133 142.418
625.098 163.545
526.067 50.8817
550.102 29.7552
4
1288.06 441.848
1256.09 440.637
1267.44 140.852
1299.41 142.063
4
1223.73 442.555
1191.78 444.227
1180.94 237.075
1212.89 235.403
4
1347.02 334.044
1315.15 331.158
1331.02 155.88
1362.89 158.766
4
415.806 832.173
385.577 821.674
459.394 609.127
489.623 619.626
4
272.89 655.602
263.553 624.994
541.487 540.205
550.824 570.812
4
169.306 760.562
166.176 728.716
385.111 707.198
388.241 739.045
4
354.117 786.683
353.312 818.673
128.383 813.017
129.188 781.027
4
361.614 982.743
335.877 963.727
449.723 809.643
475.46 828.659
4
712.168 597.649
695.352 624.875
567.732 546.051
584.548 518.825
4
574.012 711.805
564.578 681.227
820.157 602.379
829.591 632.957
4
778.895 785.848
752.88 767.214
867.349 607.405
893.364 626.039
4
1153.69 1291.51
1130.59 1269.36
1234.41 1161.09
1257.51 1183.24
4
1121.84 1286.97
1091.91 1275.65
1196.85 998.177
1226.78 1009.5
4
1209.05 1327.92
1199.99 1297.23
1422 1231.71
1431.06 1262.4
4
463.942 353.68
449.091 325.335
581.958 255.72
596.809 284.065
4
148.133 697.616
119.675 682.983
188.267 549.584
216.725 564.217
4
1260.14 914.231
1236.7 936.021
1134.56 826.169
1158 804.379
4
0 0
0 1600
1600 1600
1600 0
