30
45
4
441.921 546.873
423.063 572.726
301.879 484.327
320.737 458.474
4
260.027 510.553
229.792 500.073
297.345 305.168
327.58 315.647
4
204.54 1173.83
194.924 1143.31
481.06 1053.17
490.676 1083.69
4
1061.58 470.281
1041.19 494.937
867.818 351.519
888.215 326.863
4
1209.22 487.594
1188.78 512.218
959.255 321.733
979.691 297.109
4
1369.95 570.967
1338.01 569.013
1351.75 344.433
1383.69 346.387
4
1072.72 1370.5
1046.03 1352.84
1170.18 1165.2
1196.87 1182.86
4
213.235 1028.54
184.608 1014.24
285.165 812.96
313.792 827.261
4
55.5469 1103.53
54.1306 1071.56
319.52 1059.8
320.937 1091.77
4
299.781 1568.24
268.796 1576.24
193.819 1285.76
224.804 1277.76
4
294.142 1334.25
278.016 1306.61
436.936 1213.89
453.061 1241.53
4
1385.5 688.7
1369.89 660.766
1566.3 551
1581.91 578.934
4
1362.22 643.581
1335.44 626.066
1421.87 493.914
1448.65 511.429
4
1208.61 766.943
1182.35 748.653
1314.16 559.421
1340.42 577.711
4
948.985 1047.82
924.287 1068.16
828.915 952.385
853.613 932.039
4
1059.36 774.608
1037.57 798.045
817.842 593.792
839.629 570.355
4
781.907 793.564
749.95 795.226
737.864 562.815
769.821 561.153
4
915.192 637.488
895.666 612.135
1014.51 520.612
1034.03 545.965
4
1110.57 695.839
1096.97 724.809
938.079 650.26
951.671 621.29
4
1133.75 825.591
1103.94 813.952
1164.5 658.87
1194.3 670.509
4
756.705 1122.16
731.534 1141.92
546.295 905.939
571.466 886.18
4
479.202 1302.4
451.61 1286.19
603.513 1027.61
631.104 1043.82
4
1108.29 657.586
1083.78 637.015
1180.21 522.114
1204.72 542.685
4
980.799 625.731
972.311 594.877
1118.18 554.747
1126.67 585.6
4
33.9821 968.082
3.22782 959.24
86.1179 670.918
116.872 679.76
4
168.905 939.296
138.985 927.948
193.808 783.405
223.728 794.754
4
674.607 650.866
654.459 675.726
421.393 486.834
441.541 461.974
4
645.005 485.818
613.082 483.604
624.821 314.346
656.744 316.56
4
566.69 537.832
534.847 534.667
553.676 345.25
585.519 348.415
4
770.52 1228.73
758.113 1199.23
896.38 1141.07
908.787 1170.57
4
882.734 1305.13
860.272 1282.34
1026.52 1118.5
1048.98 1141.29
4
1010.75 1286.26
983.915 1268.82
1143.52 1023.27
1170.35 1040.71
4
1484.62 1429.23
1483.95 1461.23
1333.98 1458.07
1334.65 1426.07
4
1532.94 1525.23
1502.49 1515.38
1556.11 1349.67
1586.55 1359.52
4
727.419 954.083
711.52 926.312
906.781 814.517
922.68 842.288
4
707.85 935.198
677.845 946.32
599.06 733.772
629.065 722.65
4
490.739 890.328
464.225 872.411
575.067 708.38
601.581 726.297
4
703.476 369.507
694.062 338.923
837.424 294.793
846.838 325.377
4
962.787 289.939
948.742 318.692
681.042 187.929
695.087 159.175
4
92.5712 93.8618
87.3496 62.2907
383.329 13.3382
388.55 44.9093
4
240.226 262.557
210.551 250.582
281.022 75.9547
310.697 87.93
4
1175.65 1455.23
1169.32 1486.6
875.249 1427.27
881.578 1395.9
4
1346.52 251.907
1343.79 283.791
1044.88 258.193
1047.61 226.309
4
1032.55 260.089
1002.01 269.652
948.685 99.3513
979.223 89.7886
4
1031.81 111.507
1019.93 81.7929
1171.1 21.3705
1182.98 51.0847
4
0 0
0 1600
1600 1600
1600 0
