30
45
4
835.425 1116.24
828.183 1147.41
682.075 1113.46
689.317 1082.29
4
857.226 1093.56
833.02 1114.49
684.485 942.698
708.692 921.768
4
268.724 1281.94
257.71 1311.99
116.876 1260.36
127.89 1230.31
4
42.4867 1266.53
21.4165 1242.45
220.981 1067.86
242.051 1091.94
4
37.709 1152.09
21.3234 1124.6
200.583 1017.74
216.969 1045.23
4
877.566 556.953
868.45 526.279
1012.23 483.547
1021.35 514.221
4
1292.3 839.591
1263.81 854.152
1127.3 587.009
1155.79 572.448
4
1447.51 536.914
1431.89 564.842
1279.77 479.759
1295.39 451.831
4
1483.97 193.239
1463.99 218.238
1229.63 30.9609
1249.61 5.96189
4
365.057 1295.53
333.41 1290.79
366.743 1068.27
398.39 1073.01
4
484.99 1361.56
472.14 1390.86
269.885 1302.17
282.736 1272.87
4
171.288 1234.87
164.802 1203.53
312.996 1172.86
319.482 1204.19
4
979.794 747.476
954.475 727.907
1046.21 609.224
1071.52 628.793
4
1043.01 571.502
1042.26 539.511
1237.21 534.98
1237.96 566.971
4
881.389 881.235
849.898 875.553
878.931 714.651
910.422 720.334
4
103.704 536.334
96.6582 505.12
389.296 439.066
396.342 470.28
4
840.134 1365.54
823.912 1393.12
629.966 1279.06
646.188 1251.48
4
665.405 1531.36
634.95 1541.18
567.1 1330.78
597.556 1320.96
4
965.034 1368.43
945.35 1393.66
767.66 1255.02
787.345 1229.79
4
702.951 138.612
692.305 168.79
550.849 118.888
561.495 88.7105
4
511.586 843.21
508.875 875.095
359.414 862.39
362.125 830.505
4
565.697 964.135
534.505 956.986
596.497 686.514
627.688 693.663
4
690.693 310.278
660.936 298.508
716.107 159.022
745.864 170.792
4
215.088 442.02
186.107 428.451
281.512 224.68
310.493 238.249
4
957.955 489.418
929.744 504.522
858.945 372.282
887.156 357.178
4
901.919 359.313
884.704 332.338
1035.64 236.012
1052.86 262.987
4
1133.33 412.328
1119.39 441.134
950.822 359.579
964.759 330.773
4
299.453 1546.05
271.6 1561.81
197.747 1431.25
225.6 1415.49
4
98.991 1496.78
74.6867 1475.97
201.485 1327.92
225.789 1348.74
4
76.1523 1545.9
75.9714 1513.9
238.794 1512.98
238.975 1544.98
4
1129.46 1081.85
1125.16 1050.14
1422.44 1009.85
1426.74 1041.56
4
1045.81 1200.01
1015.97 1188.46
1122.61 912.795
1152.45 924.34
4
1165.65 1275.51
1162.41 1243.67
1386.25 1220.89
1389.49 1252.73
4
1255.56 1233.38
1249.11 1202.04
1483.47 1153.84
1489.92 1185.18
4
1576.71 1199.57
1554.08 1222.19
1445.28 1113.34
1467.92 1090.71
4
1315.83 725.773
1303.28 696.335
1441.27 637.527
1453.82 666.965
4
1265.32 318.957
1233.48 315.821
1248.18 166.543
1280.02 169.679
4
1270.88 419.692
1244.74 438.154
1104.55 239.672
1130.69 221.21
4
1191.03 185.704
1184.36 217
893.668 155.015
900.341 123.718
4
446.403 910.745
446.192 942.744
221.197 941.255
221.408 909.256
4
413.637 1039.64
394.239 1065.09
274.594 973.901
293.992 948.45
4
671.664 374.906
663.564 343.948
881.236 286.994
889.336 317.952
4
855.006 540.324
823.779 547.316
779.53 349.679
810.756 342.687
4
965.657 1061.41
933.74 1063.71
912.143 764.491
944.06 762.187
4
890.411 1242.26
864.818 1223.05
1031.87 1000.49
1057.46 1019.7
4
0 0
0 1600
1600 1600
1600 0
