30
45
4
1279.7 1418.58
1252.5 1435.43
1173.5 1307.92
1200.7 1291.07
4
1223.09 1569.26
1202.31 1544.92
1388.72 1385.73
1409.5 1410.06
4
1581.26 1401.71
1559.19 1424.88
1368.73 1243.45
1390.81 1220.28
4
563.667 564.068
531.769 561.513
549.733 337.232
581.631 339.787
4
571.757 285.718
570.802 317.704
386.009 312.186
386.964 280.2
4
1343.54 368.693
1332.87 398.86
1120.76 323.807
1131.43 293.64
4
1424.62 348.634
1401.71 370.977
1272.11 238.101
1295.02 215.758
4
1359.68 245.757
1359.57 213.757
1526.24 213.182
1526.35 245.181
4
495.673 1067.64
473.813 1091.01
254.727 886.064
276.587 862.695
4
451.293 1377.67
429.728 1401.31
318.907 1300.23
340.472 1276.59
4
268.743 1314.36
239.745 1300.83
337.558 1091.23
366.556 1104.76
4
677.064 1328.6
648.474 1314.23
749.536 1113.2
778.126 1127.57
4
1215.25 1405.32
1208.03 1436.5
915.754 1368.88
922.967 1337.7
4
934.547 1515.85
906.616 1531.46
831.019 1396.24
858.95 1380.62
4
690.502 1552.73
689.267 1520.76
841.208 1514.88
842.444 1546.86
4
1415.69 819.05
1391.79 840.327
1192.31 616.25
1216.21 594.973
4
1268.76 771.985
1241.96 789.466
1154.18 654.879
1180.99 637.398
4
1023.23 723.456
1005.14 697.057
1207.95 558.102
1226.04 584.5
4
552.271 1538.49
547.576 1506.83
844.329 1462.81
849.024 1494.47
4
480.595 1517.21
451.915 1503.02
574.347 1255.63
603.027 1269.82
4
1203.15 947.612
1172.04 940.12
1207.15 794.288
1238.26 801.78
4
1183.91 1041.38
1154.96 1055
1043.78 818.685
1072.73 805.063
4
944.908 1122.9
920.409 1102.32
1027.91 974.385
1052.41 994.971
4
575.234 773.174
545.962 760.245
636.866 554.426
666.138 567.355
4
737.069 67.9072
733.049 99.6537
509.831 71.3928
513.851 39.6463
4
402.414 1537.64
370.719 1542.04
350.086 1393.46
381.781 1389.06
4
1217.14 152.611
1213.89 184.445
990.057 161.589
993.307 129.755
4
908.484 196.25
883.991 175.656
1020.71 13.0509
1045.2 33.6446
4
885.067 383.966
882.517 415.865
658.233 397.934
660.783 366.035
4
619.513 427.733
587.669 424.578
608.362 215.736
640.206 218.891
4
798.198 201.325
793.333 232.953
560.556 197.147
565.421 165.519
4
86.6816 1508.1
57.2573 1495.52
116.218 1357.6
145.643 1370.18
4
1571.82 368.029
1550.1 391.521
1439.98 289.671
1461.7 266.179
4
1447.98 545.837
1420.56 529.335
1514.81 372.751
1542.22 389.254
4
399.94 195.502
384.556 223.561
187.26 115.398
202.644 87.3386
4
185.913 326.214
154.946 334.28
79.7767 45.6788
110.744 37.6132
4
181.576 424.511
161.679 399.449
281.683 304.176
301.581 329.238
4
542.004 1061.8
518.528 1083.54
416.596 973.501
440.072 951.755
4
694.899 930.841
680.773 959.554
452.314 847.159
466.441 818.445
4
1244.07 254.733
1236.4 285.803
945.133 213.967
952.795 182.897
4
455.568 1205.64
431.929 1184.07
533.032 1073.26
556.671 1094.83
4
716.96 1154.59
689.912 1171.69
531.353 920.896
558.401 903.796
4
364.733 1227.25
335.096 1215.18
391.667 1076.25
421.304 1088.32
4
289.424 1122.71
257.967 1128.57
222.984 941.086
254.441 935.216
4
1474.1 1103.08
1455.72 1076.89
1578.5 990.717
1596.88 1016.91
4
0 0
0 1600
1600 1600
1600 0
