30
45
4
1016.83 790.872
989.902 773.584
1151.97 521.128
1178.9 538.416
4
996.002 648.36
970.11 667.164
859.609 515.018
885.501 496.213
4
1251 1335.97
1220.17 1327.39
1280.5 1110.63
1311.33 1119.21
4
1205.69 1430.12
1173.72 1428.77
1185.92 1140.12
1217.89 1141.47
4
1253.81 744.651
1242.67 714.651
1383.29 662.449
1394.43 692.449
4
458.905 622.532
451.321 653.62
305.595 618.068
313.179 586.98
4
260.037 1205.53
235.035 1185.56
375.463 1009.77
400.465 1029.74
4
1571.07 244.371
1548.57 267.121
1441.93 161.629
1464.43 138.879
4
821.183 201.456
799.462 177.957
909.617 76.1436
931.338 99.6433
4
228.257 1511.18
216.688 1481.35
356.543 1427.12
368.112 1456.95
4
265.377 1451.8
236.413 1438.19
317.381 1265.82
346.345 1279.43
4
420.058 1238.08
416.638 1269.9
168.677 1243.24
172.097 1211.42
4
459.195 389.619
456.104 421.469
306.805 406.981
309.896 375.131
4
471.066 796.91
439.479 791.782
475.534 569.69
507.121 574.818
4
736.647 1557.77
724.985 1527.97
1004.35 1418.63
1016.02 1448.43
4
1051.35 1486.06
1021.19 1475.37
1110.28 1223.94
1140.44 1234.63
4
865.819 1433.11
861.69 1464.84
675.102 1440.56
679.231 1408.83
4
1317.31 282.166
1295.32 305.411
1077.39 99.2343
1099.38 75.989
4
1220.14 952.358
1199.37 928.018
1313.46 830.642
1334.23 854.982
4
1051.19 841.13
1044.39 809.861
1238.47 767.652
1245.27 798.921
4
1080.2 1053.2
1055.46 1032.9
1176.95 884.77
1201.69 905.062
4
699.067 573.061
680.16 598.879
498.633 465.939
517.54 440.121
4
664.823 984.972
643.844 960.808
870.377 764.128
891.356 788.292
4
517.799 296.107
491.178 313.864
324.701 64.2932
351.322 46.5358
4
1109.88 543.62
1083.28 525.837
1208.32 338.78
1234.92 356.563
4
714.922 482.015
682.924 481.668
686.178 181.685
718.176 182.032
4
1070.36 1571.01
1042.78 1554.78
1118.84 1425.49
1146.42 1441.72
4
1584.98 1205.67
1581.42 1237.47
1357.82 1212.43
1361.38 1180.63
4
1413.09 1154.26
1391.42 1177.81
1262.97 1059.6
1284.64 1036.06
4
1517.54 1164.28
1485.7 1167.48
1466.49 976.092
1498.34 972.897
4
51.6396 445.615
46.7752 413.987
269.16 379.785
274.025 411.413
4
200.486 575.166
175.961 595.721
64.9655 463.283
89.4911 442.728
4
1346.21 143.1
1335.86 112.82
1477.79 64.3005
1488.14 94.5802
4
1250.53 121.591
1242.15 90.7055
1405.24 46.498
1413.62 77.3835
4
802.815 1254.63
772.009 1245.98
832.885 1029.37
863.691 1038.02
4
956.218 1078.13
933.799 1100.96
811.416 980.801
833.835 957.967
4
901.945 1024.54
886.51 996.51
1095.69 881.324
1111.13 909.355
4
1059.29 1188.37
1058.78 1220.37
833.812 1216.83
834.315 1184.83
4
350.752 884.678
343.129 915.757
197.448 880.022
205.071 848.943
4
431.661 945.351
424.722 976.59
215.53 930.125
222.469 898.886
4
454.183 1157.76
426.912 1141.02
552.702 936.135
579.972 952.877
4
1124.41 1145.19
1097.67 1162.77
1015.29 1037.41
1042.03 1019.83
4
1252.54 1103.63
1224.32 1118.72
1147.16 974.383
1175.38 959.297
4
847.307 558.121
818.051 571.086
726.893 365.379
756.149 352.414
4
1008.27 502.957
984.385 524.249
788.435 304.406
812.323 283.114
4
0 0
0 1600
1600 1600
1600 0
