30
45
4
249.7 1546.68
220.256 1534.14
279 1396.12
308.444 1408.66
4
155.239 1439.33
135.81 1413.91
364.862 1238.88
384.291 1264.3
4
781 1482.36
763.179 1508.94
576.3 1383.64
594.121 1357.06
4
498.064 1563.21
466.391 1558.65
496.322 1350.82
527.996 1355.38
4
436.254 1457.78
406.767 1445.35
478.04 1276.28
507.527 1288.71
4
974.133 1528.06
973.872 1496.06
1123.87 1494.84
1124.13 1526.84
4
150.436 1217.95
119.134 1211.3
181.464 917.849
212.766 924.498
4
376.527 927.438
360.106 954.904
188.309 852.193
204.729 824.727
4
423.545 815.363
399.051 835.956
254.255 663.737
278.749 643.144
4
711.382 590.883
679.382 590.917
679.218 440.917
711.218 440.883
4
804.185 463.417
784.692 488.794
657.803 391.322
677.296 365.945
4
1382.72 852.653
1365.06 879.338
1239.98 796.547
1257.64 769.862
4
1546.18 827.769
1539 858.953
1319.71 808.436
1326.9 777.253
4
1487.62 753.421
1476.37 783.379
1243.8 696.04
1255.05 666.083
4
1010.22 912.308
978.914 918.927
932.378 698.792
963.686 692.173
4
636.593 841.477
608.885 857.486
458.807 597.723
486.515 581.714
4
1360.76 1281.22
1339.44 1305.08
1171.64 1155.18
1192.96 1131.32
4
656.761 263.875
638.394 237.671
822.639 108.525
841.006 134.729
4
514.555 233.952
500.214 205.345
754.13 78.0463
768.472 106.653
4
340.295 313.486
321.478 287.604
506.256 153.267
525.073 179.15
4
354.644 258.317
323.09 252.991
348.056 105.083
379.61 110.409
4
311.673 366.905
279.843 370.2
251.826 99.5157
283.656 96.2212
4
495.062 469.337
487.215 500.36
208.126 429.76
215.974 398.737
4
1165.23 1371.76
1158.61 1340.45
1305.37 1309.44
1311.99 1340.75
4
1264.94 1442.85
1248.63 1470.38
1066.04 1362.22
1082.34 1334.69
4
1144.65 1184.24
1132.3 1213.76
855.549 1097.96
867.901 1068.44
4
1082.94 1034.64
1075.17 1065.68
859.278 1011.64
867.047 980.6
4
991.998 196.431
968.372 218.014
867.202 107.269
890.828 85.6857
4
1197.64 396.686
1166.89 405.537
1104.66 189.314
1135.41 180.463
4
957.285 395.28
938.007 369.739
1097.47 249.385
1116.75 274.927
4
416.05 391.237
398.717 364.338
587.85 242.463
605.183 269.362
4
420.614 441.827
415.541 410.232
585.119 383.005
590.192 414.6
4
1317.82 307.873
1303.26 279.38
1570.38 142.827
1584.94 171.32
4
1475.1 129.485
1460.87 158.145
1295.34 75.9354
1309.58 47.2755
4
940.04 809.76
929.148 839.85
647.06 737.74
657.952 707.65
4
924.593 726.194
897.895 743.835
773.531 555.609
800.23 537.968
4
71.6624 453.55
41.7423 442.201
94.9376 301.95
124.858 313.299
4
262.443 289.618
254.605 320.643
1.88956 256.799
9.72754 225.774
4
159.716 500.411
128.274 494.462
160.103 326.237
191.546 332.186
4
1244.62 961.472
1219.85 981.733
1124.88 865.628
1149.65 845.367
4
1234.76 1124.67
1205.23 1136.99
1128.19 952.296
1157.72 939.977
4
1009.36 990.752
984.106 971.104
1088.18 837.318
1113.44 856.967
4
260.043 1269.94
234.669 1250.44
417.457 1012.56
442.831 1032.06
4
597.657 1191.37
588.685 1222.08
414.724 1171.27
423.696 1140.55
4
554.568 1245.85
544.875 1276.35
324.112 1206.18
333.805 1175.69
4
0 0
0 1600
1600 1600
1600 0
