30
45
4
1157.22 1062.39
1153.09 1094.12
929.976 1065.01
934.114 1033.28
4
844.242 1256.6
814.224 1245.52
890.174 1039.84
920.193 1050.92
4
807.516 1292.16
776.089 1298.18
728.513 1050.12
759.941 1044.09
4
1462.11 634.874
1448.57 605.878
1584.49 542.426
1598.03 571.422
4
873.984 1592.69
844.935 1579.26
939.316 1375.01
968.365 1388.44
4
1226.08 769.741
1202.02 748.644
1300.92 635.859
1324.98 656.956
4
1223.79 884.21
1194.76 897.669
1094.5 681.398
1123.53 667.939
4
1105.85 1004.54
1088.27 977.797
1303.11 836.571
1320.69 863.311
4
152.857 1570.91
122.721 1581.68
47.0433 1369.79
77.1789 1359.02
4
158.519 1382.93
132.92 1363.73
238.408 1223.1
264.007 1242.3
4
905.171 659.722
902.201 627.86
1126.23 606.978
1129.2 638.84
4
891.415 745.685
859.896 751.208
833.365 599.81
864.885 594.287
4
1012.12 565.065
1004.37 534.017
1183.29 489.358
1191.04 520.405
4
1252.62 1361.69
1220.77 1358.6
1249.78 1060.01
1281.63 1063.1
4
728.923 880.251
697.041 882.996
684.177 733.549
716.059 730.804
4
765.187 967.154
741.704 988.892
554.14 786.275
577.622 764.536
4
615.613 1083.56
606.314 1052.94
764.596 1004.87
773.895 1035.49
4
644.273 376.548
616.337 392.155
470.027 130.252
497.963 114.645
4
579.662 66.5449
578.727 98.5313
311.811 90.7285
312.746 58.7422
4
560.651 1039.06
530.248 1049.05
483.449 906.535
513.852 896.552
4
637.174 957.253
609.541 973.392
522.128 823.724
549.76 807.585
4
1129.37 461.065
1097.77 466.162
1061.93 244.035
1093.53 238.938
4
1217.9 399.366
1187.39 409.034
1108.77 160.975
1139.28 151.307
4
1216.22 236.571
1195.7 212.016
1366.03 69.6664
1386.55 94.2208
4
269.093 924.877
258.221 954.973
46.6066 878.523
57.4794 848.427
4
318.816 1016.85
288.199 1007.55
338.903 840.691
369.521 849.995
4
419.927 1066.99
389.887 1055.96
471.731 833.029
501.77 844.057
4
771.018 558.054
740.631 548.022
834.682 263.146
865.069 273.178
4
840.661 496.832
815.621 476.908
950.777 307.055
975.817 326.979
4
795.405 836.754
764.867 827.191
809.695 684.046
840.233 693.609
4
815.153 623.818
814.931 655.818
639.465 654.602
639.687 622.602
4
669.038 789.553
638.767 799.927
563.824 581.247
594.096 570.873
4
1237.64 468.328
1215.1 445.607
1374.86 287.172
1397.4 309.893
4
1488.71 235.776
1476.83 265.49
1331.67 207.464
1343.55 177.75
4
364.518 665.755
345.806 691.714
163.282 560.145
181.994 534.186
4
14.8352 774.072
1.90237 744.802
246.084 636.912
259.017 666.182
4
168.875 1009.11
147.421 1032.85
36.1249 932.29
57.5786 908.546
4
932.726 1359.18
928.627 1327.44
1151.77 1298.62
1155.87 1330.36
4
1171.99 1413.44
1167.13 1445.07
973.975 1415.42
978.83 1383.79
4
1032.01 1272.15
1030.04 1240.21
1202.8 1229.56
1204.77 1261.5
4
958.369 130.482
943.589 102.099
1076.63 32.8184
1091.41 61.2006
4
1083.6 179.49
1054.54 166.104
1121.93 19.7775
1151 33.164
4
1018.12 212.135
1012.64 243.662
752.16 198.386
757.64 166.859
4
427.662 468.892
397.868 480.567
343.138 340.908
372.932 329.233
4
526.814 327.549
501.905 347.638
361.662 173.75
386.571 153.661
4
0 0
0 1600
1600 1600
1600 0
