30
45
4
264.725 1282.98
233.102 1287.88
187.175 991.417
218.798 986.519
4
417.646 1129.82
408.819 1160.58
238.831 1111.8
247.658 1081.04
4
509.372 1138.12
488.188 1162.11
373.468 1060.78
394.652 1036.8
4
1281.03 926.124
1252.32 940.254
1152.97 738.376
1181.68 724.246
4
1414.62 915.915
1396.8 942.499
1263.06 852.882
1280.87 826.298
4
1031.41 1017.46
1029.81 985.498
1203.12 976.838
1204.71 1008.8
4
550.196 1018.8
532.301 992.271
781.004 824.501
798.899 851.029
4
901.863 1068.09
900.415 1100.05
606.476 1086.75
607.924 1054.78
4
1367.43 552.033
1347.42 577.001
1171.87 436.267
1191.88 411.299
4
538.007 327.148
509.839 342.331
367.493 78.2525
395.661 63.0689
4
558.664 261.724
529.28 249.053
619.048 40.8727
648.432 53.5434
4
741.112 275.689
709.223 278.353
690.461 53.7908
722.35 51.1265
4
1113.14 1486.29
1109.24 1454.53
1332.56 1427.11
1336.46 1458.87
4
1421.66 1534.52
1389.7 1533.02
1402 1271.18
1433.97 1272.69
4
410.094 1555.86
380.453 1567.92
267.406 1290.04
297.047 1277.98
4
262.065 1521.16
232.769 1534.03
168.017 1386.67
197.314 1373.79
4
922.957 849.663
902.076 825.414
1015.74 727.537
1036.62 751.786
4
1115.2 723.752
1101.37 752.606
906.305 659.063
920.142 630.21
4
1008.51 653.679
978.916 641.517
1058.47 447.898
1088.07 460.06
4
1049.38 604.423
1048.39 572.439
1198.32 567.777
1199.31 599.761
4
1251.85 706.498
1241.88 736.905
1014.08 662.211
1024.05 631.804
4
1266.61 822.714
1240.01 804.931
1359.05 626.839
1385.66 644.622
4
287.002 1276.14
280.054 1244.9
572.898 1179.76
579.846 1211
4
520.747 1456.06
491.327 1443.47
573.785 1250.75
603.205 1263.34
4
715.744 1312.27
686.62 1325.53
592.648 1119.1
621.772 1105.84
4
129.17 523.731
113.41 495.881
309.23 385.069
324.99 412.919
4
474.118 697.532
465.639 728.388
248.682 668.768
257.161 637.912
4
406.588 601.452
390.021 628.83
227.821 530.678
244.388 503.3
4
1348.83 329.258
1340.79 298.285
1558.57 241.742
1566.61 272.715
4
1304.03 155.327
1294.37 124.821
1508.87 56.8733
1518.53 87.3793
4
223.147 224.862
213.273 194.423
355.953 148.138
365.827 178.577
4
1125.28 1173.11
1122.24 1141.26
1346.22 1119.89
1349.26 1151.74
4
239.97 982.356
223.412 954.973
480.13 799.744
496.688 827.127
4
524.754 967.68
492.864 965.025
506.004 807.201
537.894 809.856
4
1059.14 1331.76
1041.02 1358.14
917.364 1273.24
935.476 1246.86
4
1067.69 1210.33
1051.88 1238.15
884.767 1143.16
900.58 1115.34
4
742.432 736.517
730.136 766.061
453.168 650.783
465.464 621.239
4
778.927 704.982
750.247 690.788
833.904 521.746
862.584 535.94
4
870.611 773.091
838.96 768.38
882.801 473.815
914.452 478.525
4
900.455 1291.05
881.491 1316.83
639.845 1139.05
658.809 1113.27
4
777.607 143.034
765.376 113.463
973.293 27.4662
985.524 57.0367
4
1129.22 179.218
1115.73 208.239
972.637 141.76
986.119 112.739
4
302.81 766.419
302.688 798.418
2.69043 797.281
2.81173 765.282
4
230.463 924.885
207.457 947.127
87.0898 822.623
110.096 800.381
4
119.121 1045.98
91.3932 1061.95
13.1107 926.065
40.8389 910.092
4
0 0
0 1600
1600 1600
1600 0
