30
45
4
461.241 420.54
430.217 412.698
485.359 194.56
516.383 202.402
4
562.034 387.823
532.964 374.445
603.089 222.061
632.158 235.439
4
711.731 296.636
684.786 313.897
576.501 144.862
603.447 127.601
4
194.197 1293.92
185.796 1263.05
402.903 1203.98
411.304 1234.85
4
292.865 682.485
277.499 710.554
80.1352 602.515
95.5008 574.446
4
82.9455 705.385
50.9647 706.495
43.7176 497.641
75.6983 496.531
4
356.875 855.693
326.033 847.161
386.025 630.307
416.867 638.839
4
333.714 923.1
320.15 894.117
526.057 797.754
539.621 826.737
4
654.901 532.405
631.181 553.884
530.499 442.695
554.219 421.216
4
751.376 659.801
721.854 672.148
610.268 405.326
639.79 392.979
4
888.617 669.83
859.8 683.743
746.674 449.432
775.492 435.519
4
1544.04 1008.19
1512.14 1005.76
1529.26 781.409
1561.16 783.843
4
1530.58 1119.77
1504.88 1138.84
1368.81 955.519
1394.51 936.448
4
1273.83 1164.72
1247.81 1146.1
1343.35 1012.62
1369.37 1031.25
4
1298.96 264.5
1295.04 296.259
1071.74 268.7
1075.66 236.941
4
1080.03 402.223
1051.16 416.028
959.124 223.541
987.994 209.737
4
562.59 1576.8
533.596 1563.26
628.81 1359.4
657.804 1372.94
4
684.358 1586.5
656.286 1571.14
776.072 1352.23
804.144 1367.59
4
516.212 1479.48
485.934 1469.13
582.263 1187.48
612.541 1197.84
4
651.84 1002.6
620.267 1007.8
583.66 785.802
615.233 780.596
4
690.006 765.72
670.873 791.37
518.873 677.987
538.007 652.337
4
456.228 668.342
445.982 638.027
639.057 572.77
649.303 603.086
4
837.624 1202.25
806.74 1210.62
767.476 1065.85
798.36 1057.48
4
1441.06 1446.46
1421.8 1472.02
1182.24 1291.44
1201.5 1265.88
4
1292.2 1225.85
1269.66 1203.14
1376.1 1097.45
1398.64 1120.16
4
1334.67 1239.05
1327.4 1270.21
1058.83 1207.54
1066.11 1176.38
4
809.92 1011.83
779.873 1000.82
831.48 859.974
861.527 870.983
4
735.011 872.587
716.627 846.395
868.833 739.565
887.217 765.757
4
970.039 892.245
938.676 898.598
904.723 730.972
936.086 724.619
4
559.734 72.4014
557.104 104.293
332.866 85.7986
335.496 53.9069
4
377.961 403.122
348.976 416.681
253.639 212.878
282.624 199.319
4
305.823 184.537
298.552 153.374
492.265 108.177
499.536 139.34
4
361.199 543.016
342.847 569.231
101.961 400.601
120.312 374.386
4
708.666 1400.56
677.046 1405.48
630.934 1109.04
662.554 1104.12
4
860.995 1256.79
858.646 1288.7
694.061 1276.58
696.411 1244.67
4
1285.59 623.337
1267.9 596.669
1392.91 513.763
1410.6 540.431
4
1439.63 486.242
1425.7 515.047
1275.53 442.397
1289.47 413.591
4
1172.13 665.22
1145.6 647.32
1276.61 453.192
1303.13 471.092
4
155.323 164.964
147.651 133.897
293.277 97.9364
300.949 129.003
4
257.094 220.706
245.76 250.632
91.3447 192.145
102.679 162.22
4
217.099 263.028
216.917 295.027
18.6801 293.902
18.8617 261.903
4
178.238 1262.25
153.712 1282.81
57.3622 1167.85
81.8877 1147.29
4
240.873 1197.13
220.483 1221.8
56.8052 1086.48
77.1947 1061.82
4
40.1727 1451.9
9.8335 1441.73
82.6361 1224.65
112.975 1234.83
4
764.994 797.903
734.645 787.757
782.206 645.497
812.555 655.643
4
0 0
0 1600
1600 1600
1600 0
