30
45
4
534.476 1248.03
511.979 1225.28
725.324 1014.37
747.821 1037.12
4
715.751 1206.44
698.578 1179.43
845.008 1086.31
862.181 1113.31
4
1170.63 1452.03
1162.74 1483.04
1017.37 1446.07
1025.26 1415.06
4
1367.68 1460.51
1348.1 1485.83
1121.18 1310.37
1140.75 1285.06
4
1280.68 1310.57
1260.41 1285.8
1399.15 1172.28
1419.41 1197.05
4
1245.32 824.517
1236.5 793.758
1380.68 752.383
1389.5 783.142
4
1425.5 929.4
1394.33 922.134
1457.01 653.3
1488.18 660.566
4
28.773 1403.23
19.2723 1372.67
234.127 1305.87
243.628 1336.43
4
217.006 1540.6
188.029 1554.18
110.843 1389.44
139.82 1375.87
4
751.143 1248.01
743.042 1217.06
888.157 1179.09
896.258 1210.04
4
791.607 1414.04
764.909 1396.4
878.039 1225.18
904.738 1242.82
4
989.61 1456.15
986.22 1487.97
701.332 1457.62
704.723 1425.8
4
828.765 579.359
827.84 611.345
602.935 604.841
603.86 572.855
4
870.098 743.22
838.426 738.648
876.208 476.896
907.88 481.467
4
1491.52 452.933
1462.86 467.18
1396.08 332.867
1424.74 318.62
4
1524.09 1222.36
1492.94 1229.68
1441.51 1010.64
1472.66 1003.32
4
1328.63 638.459
1298.64 627.289
1377.17 416.441
1407.16 427.611
4
1263.79 517.138
1231.92 520.013
1207.35 247.549
1239.22 244.674
4
999.527 1007.77
971.911 991.607
1085.57 797.427
1113.19 813.593
4
256.713 1498.84
250.464 1467.45
544.687 1408.86
550.936 1440.25
4
605.251 1564.03
575.349 1552.63
640.275 1382.26
670.177 1393.65
4
606.484 1440
577.921 1454.43
457.266 1215.54
485.83 1201.11
4
556.265 900.514
530.104 918.943
357.335 673.686
383.496 655.257
4
1123.46 1269.24
1112.63 1239.13
1324.34 1162.96
1335.17 1193.07
4
1144.46 1120.02
1142.79 1088.07
1352.49 1077.12
1354.16 1109.08
4
1247.28 1082.37
1215.36 1080.01
1227.03 922.532
1258.94 924.897
4
727.257 310.291
717.507 279.813
1003.24 188.409
1012.99 218.887
4
908.115 339.067
897.869 308.752
1170.19 216.709
1180.44 247.025
4
1189.15 485.3
1161.16 500.81
1071.08 338.236
1099.07 322.726
4
571.568 1014.07
553.365 1040.39
306.632 869.732
324.835 843.414
4
1094.87 235.802
1064.74 225.01
1115.33 83.7979
1145.46 94.59
4
217.668 291.967
188.153 304.332
72.2324 27.6329
101.747 15.268
4
191.841 445.76
169.646 422.709
362.933 236.602
385.128 259.654
4
1022.08 161.489
1009.8 191.04
802.021 104.711
814.299 75.1605
4
803.888 54.7854
796.783 85.9866
646.008 51.6517
653.113 20.4505
4
839.396 884.425
815.528 905.739
615.704 681.975
639.572 660.661
4
914.545 896.336
882.887 891.675
922.251 624.302
953.91 628.963
4
996.393 664.762
966.997 652.119
1059.79 436.372
1089.18 449.015
4
1583.07 259.31
1568.47 287.784
1301.53 150.89
1316.13 122.416
4
649.15 553.921
617.469 558.432
585.75 335.679
617.431 331.168
4
802.99 355.805
801.433 387.767
633.707 379.593
635.264 347.631
4
297.868 669.382
287.898 699.79
2.83152 606.318
12.8019 575.91
4
397.374 1103.89
370.225 1120.83
211.426 866.307
238.575 849.368
4
331.154 1139.41
314.768 1166.89
170.62 1080.96
187.006 1053.47
4
254.773 850.294
232.928 826.911
367.211 701.461
389.056 724.845
4
0 0
0 1600
1600 1600
1600 0
