30
45
4
115.414 1318.36
91.5663 1297.02
191.586 1185.24
215.434 1206.58
4
265.337 1188.17
237.079 1203.19
142.476 1025.15
170.734 1010.13
4
336.632 1120.01
304.646 1120.98
299.253 942.978
331.238 942.009
4
892.191 760.338
868.19 739.173
1066.61 514.162
1090.61 535.327
4
886.501 805.182
865.666 829.47
736.801 718.923
757.636 694.635
4
806.697 920.845
791.979 892.43
1005.18 782
1019.9 810.415
4
931.467 1464.53
915.662 1492.35
785.233 1418.27
801.038 1390.45
4
646.988 1436.22
635.475 1406.36
814.62 1337.29
826.132 1367.15
4
284.952 1493.97
270.862 1522.7
68.8476 1423.63
82.9377 1394.9
4
1140.11 447.749
1108.39 451.952
1088.69 303.251
1120.41 299.048
4
1124.29 491.303
1104.2 516.207
946.259 388.778
966.353 363.874
4
1150.14 220.918
1147.18 252.781
969.038 236.228
971.998 204.366
4
771.159 1124.81
739.91 1131.71
691.441 911.988
722.69 905.095
4
778.959 1189.83
753.378 1170.6
861.512 1026.72
887.093 1045.95
4
856.409 1230.93
841.469 1259.23
673.18 1170.37
688.121 1142.08
4
615.737 453.819
584.11 458.688
538.463 162.181
570.09 157.312
4
613.734 486.626
612.367 518.596
422.31 510.471
423.677 478.5
4
1182.07 634.56
1150.07 634.223
1153.23 334.24
1185.23 334.577
4
1343.86 477.624
1317.4 495.623
1186.32 302.942
1212.78 284.943
4
1364.46 489.311
1339.27 469.583
1457.19 318.977
1482.38 338.704
4
541.339 1128.18
538.68 1096.29
688.161 1083.82
690.82 1115.71
4
622.025 1261.68
604.589 1288.52
357.621 1128.04
375.056 1101.21
4
379.58 1053.3
371.432 1022.36
595.208 963.433
603.357 994.378
4
1421.06 303.617
1398.98 326.779
1181.84 119.783
1203.92 96.6206
4
1479.18 300.734
1447.41 296.95
1474.08 73.0521
1505.85 76.8367
4
1372.29 135.477
1354.03 109.205
1489.67 14.8878
1507.94 41.1606
4
1232.03 1253.61
1229.03 1221.75
1378.37 1207.69
1381.37 1239.55
4
1377.77 712.22
1351.5 730.492
1223.03 545.78
1249.3 527.508
4
1389.42 785.231
1375.33 756.499
1514.04 688.48
1528.13 717.212
4
1431.78 914.546
1411.72 889.616
1537.38 788.494
1557.44 813.425
4
215.28 278.498
211.75 246.693
509.92 213.602
513.45 245.407
4
265.181 837.246
233.373 840.75
200.519 542.554
232.327 539.05
4
431.684 671.024
409.604 694.186
214.194 507.91
236.274 484.748
4
571.816 675.233
544.078 691.189
469.284 561.167
497.022 545.211
4
722.053 547.156
720.465 579.117
531.488 569.729
533.076 537.769
4
63.0693 900.565
40.3234 878.057
145.831 771.435
168.577 793.943
4
1081.45 1568.83
1054.48 1551.61
1175.55 1361.97
1202.52 1379.19
4
453.938 432.951
431.419 455.687
271.562 297.349
294.081 274.613
4
1335.26 1157.68
1303.29 1159.05
1290.44 859.323
1322.41 857.952
4
1162.31 929.196
1142.98 903.696
1266.7 809.89
1286.03 835.389
4
87.823 1386.55
56.3243 1392.2
29.877 1244.55
61.3757 1238.9
4
107.504 1274.14
77.0582 1264.29
130.893 1097.9
161.339 1107.75
4
138.736 1376.78
117.478 1352.86
313.871 1178.31
335.13 1202.23
4
1025.16 1451.13
998.056 1468.13
918.337 1341.07
945.444 1324.07
4
1083.14 1347.26
1051.41 1351.41
1026.1 1158.08
1057.83 1153.93
4
0 0
0 1600
1600 1600
1600 0
