30
45
4
1356.74 204.239
1353.75 236.099
1055.06 208.061
1058.05 176.201
4
541.435 700.391
509.57 703.336
481.965 404.609
513.83 401.664
4
472.054 365.593
469.294 333.712
622.606 320.44
625.366 352.321
4
681.648 1226.99
660.828 1202.69
888.652 1007.51
909.472 1031.81
4
661.874 1049.29
630.269 1054.3
583.226 758.015
614.831 752.997
4
552.313 1429.9
525.951 1448.04
355.887 1200.9
382.249 1182.76
4
1247.13 1173.29
1231.87 1145.16
1495.57 1002.11
1510.83 1030.24
4
1396.4 1191.42
1393.54 1223.3
1151.04 1201.53
1153.9 1169.66
4
1223.22 1057.98
1207.25 1030.25
1439.46 896.53
1455.43 924.26
4
270.336 281.965
254.751 254.016
451.264 144.435
466.849 172.384
4
1002.59 1558.77
983.357 1584.34
803.514 1449.13
822.743 1423.56
4
1067.73 1573.56
1041.45 1591.8
912.049 1405.39
938.336 1387.15
4
1123.29 1333.54
1119.6 1365.33
823.851 1331
827.541 1299.21
4
584.146 725.357
583.091 757.339
283.254 747.443
284.309 715.461
4
215.798 781.601
189.161 763.868
280.123 627.231
306.76 644.964
4
172.805 779.057
145.285 795.386
47.7927 631.078
75.3129 614.749
4
89.0642 897.871
88.371 865.879
238.336 862.629
239.029 894.621
4
247.924 936.966
233.26 908.524
371.09 837.463
385.754 865.905
4
1215.57 369.68
1183.96 374.679
1160.53 226.52
1192.14 221.521
4
1447.55 765.499
1419.56 781.008
1274.15 518.601
1302.14 503.092
4
1480.94 487.317
1476.98 519.071
1203.63 484.987
1207.59 453.233
4
1512.1 618.846
1480.13 617.384
1487.29 460.963
1519.25 462.424
4
674.398 333.476
642.399 333.219
643.602 183.224
675.601 183.481
4
696.096 360.644
672.383 339.157
774.301 226.679
798.015 248.165
4
759.957 440.44
739.321 415.982
875.335 301.222
895.971 325.679
4
197.488 1256.73
170.974 1274.64
3.01166 1026.07
29.5262 1008.16
4
144.316 1068.87
142.097 1036.95
359.014 1021.87
361.232 1053.79
4
124.452 1057.13
92.526 1059.31
81.6691 899.819
113.595 897.646
4
1006.48 1293.88
980.107 1275.76
1150.02 1028.52
1176.39 1046.64
4
316.426 1426.76
313.836 1458.65
89.574 1440.44
92.1643 1408.55
4
373.408 1506.13
341.487 1503.88
355.149 1310.42
387.07 1312.68
4
155.682 1396.97
142.1 1368
277.918 1304.33
291.5 1333.3
4
1165.43 111.887
1163 143.794
863.868 121.013
866.298 89.1056
4
714.675 162.312
692.918 185.777
582.925 83.7884
604.682 60.3233
4
851.744 71.8431
848.493 103.678
696.061 88.1125
699.312 56.278
4
1260.64 651.375
1231.88 665.414
1133.16 463.225
1161.92 449.186
4
1346.56 1500.44
1322.91 1522
1221.84 1411.16
1245.49 1389.6
4
1078.92 1470.7
1058.76 1445.86
1226.32 1309.88
1246.48 1334.73
4
1384.81 1420.54
1359.73 1440.41
1264.87 1320.73
1289.95 1300.85
4
904.578 675.039
898.397 706.436
751.222 677.461
757.403 646.064
4
873.123 666.109
869.334 634.334
1019.89 616.38
1023.68 648.155
4
447.865 525.636
416.379 531.347
362.835 236.164
394.321 230.453
4
398.087 491.255
387.774 521.547
228.497 467.319
238.811 437.027
4
488.191 638.944
478.632 669.483
200.26 582.351
209.819 551.812
4
819.99 1327.91
790.585 1340.53
731.41 1202.69
760.815 1190.07
4
0 0
0 1600
1600 1600
1600 0
