30
45
4
1138.89 118.636
1137.22 86.6793
1287.01 78.8642
1288.68 110.821
4
1063.72 195.719
1031.98 199.773
1012.98 50.9806
1044.72 46.9275
4
915.865 405.789
893.836 429
730.635 274.111
752.664 250.9
4
117.623 750.745
110.597 719.525
403.277 653.655
410.303 684.875
4
455.852 873.563
436.295 898.891
242.382 749.157
261.939 723.829
4
818.361 838.13
795.53 815.707
1005.74 601.67
1028.57 624.093
4
855.538 1491.76
833.604 1515.06
615.162 1309.44
637.096 1286.14
4
386.304 353.053
356.84 340.568
473.896 64.3466
503.36 76.8325
4
372.796 371.097
344.476 385.997
264.688 234.346
293.007 219.446
4
151.257 457.487
150.313 425.501
314.296 420.659
315.241 452.645
4
1123.64 827.228
1109.25 855.811
975.264 788.372
989.651 759.789
4
899.968 991.167
886.523 962.129
1102.28 862.227
1115.73 891.265
4
803.922 1029.74
777.704 1011.39
914.636 815.717
940.854 834.064
4
110.167 1353.78
108.46 1321.83
408.033 1305.82
409.74 1337.77
4
526.815 1373.39
525.348 1405.36
276.64 1393.94
278.107 1361.97
4
1203.82 418.448
1171.93 415.753
1190.88 191.552
1222.77 194.247
4
1125.41 551.731
1116.56 520.981
1389.09 442.495
1397.94 473.245
4
1437.54 690.616
1412.63 710.706
1275.07 540.133
1299.97 520.044
4
1574.22 1022.73
1564.1 1053.09
1279.48 958.273
1289.6 927.913
4
1332.06 1164.18
1300.06 1164.6
1297.95 1001.86
1329.94 1001.45
4
1137.94 1271.54
1135.05 1239.67
1397.73 1215.85
1400.62 1247.72
4
537.119 1194.52
505.315 1198.05
472.181 899.885
503.985 896.351
4
479.372 1226.35
448.39 1234.36
406.077 1070.64
437.059 1062.64
4
487.765 1314.75
469.828 1288.25
613.848 1190.77
631.785 1217.27
4
1533.21 1424.03
1518.34 1452.37
1252.69 1312.97
1267.56 1284.63
4
1082.73 1155.89
1054.81 1140.27
1164.67 943.91
1192.59 959.534
4
958.509 1218.25
957.766 1186.26
1145.86 1181.89
1146.6 1213.88
4
856.562 1219.11
838.186 1192.91
1052.71 1042.44
1071.09 1068.64
4
744.802 879.376
713.939 887.83
654.498 670.824
685.361 662.37
4
665.518 743.663
655.988 774.211
487.407 721.618
496.937 691.07
4
1533.58 1341.1
1506.03 1357.38
1391.52 1163.7
1419.07 1147.42
4
245.475 657.742
217.603 673.462
70.2248 412.158
98.0972 396.438
4
218.912 561.29
206.329 531.868
387.015 454.596
399.597 484.019
4
537.298 611.213
509.953 627.835
398.051 443.748
425.395 427.126
4
259.426 163.449
250.811 132.63
395.274 92.2513
403.889 123.07
4
160.656 278.405
131.918 264.329
225.956 72.3426
254.694 86.4188
4
142.391 1559.01
110.712 1554.49
131.909 1405.99
163.588 1410.51
4
253.624 1540.83
222.103 1546.35
191.679 1372.41
223.2 1366.9
4
1420.03 344.136
1391.01 330.658
1517.37 58.5645
1546.39 72.0422
4
1301.58 453.055
1285.48 425.4
1456.73 325.707
1472.83 353.362
4
1467.66 630.674
1437.19 620.91
1523.47 351.645
1553.94 361.41
4
598.003 415.902
580.383 389.19
705.597 306.598
723.217 333.31
4
420.067 1591.93
413.11 1560.7
705.933 1495.47
712.89 1526.7
4
1014.4 1527.78
999.526 1556.12
866.704 1486.42
881.574 1458.08
4
991.934 1513.33
963.559 1498.54
1070.7 1293.04
1099.07 1307.84
4
0 0
0 1600
1600 1600
1600 0
