30
45
4
910.54 303.352
888.395 280.252
1104.96 72.6477
1127.1 95.748
4
792.722 295.804
760.724 296.18
758.078 71.196
790.076 70.8196
4
1231.19 1374.2
1217.76 1403.24
1081.61 1340.3
1095.04 1311.26
4
358.134 1491.88
330.609 1475.56
445.366 1282.02
472.891 1298.34
4
277.67 1511.26
249.436 1496.2
385.903 1240.35
414.138 1255.41
4
269.956 1231.55
261.847 1200.6
432.473 1155.9
440.583 1186.85
4
116.698 450.639
84.9684 454.792
65.5022 306.061
97.2316 301.908
4
101.936 648.233
75.2208 630.617
221.401 408.93
248.116 426.545
4
1112.02 1470.16
1084.88 1487.1
1005.48 1359.84
1032.62 1342.9
4
1514.11 973.154
1497.5 1000.51
1369.29 922.646
1385.9 895.294
4
1475.58 851.261
1457.37 877.573
1328.6 788.452
1346.81 762.139
4
1362.08 1229.81
1341.83 1205.03
1574.12 1015.19
1594.37 1039.97
4
1497.97 1266.07
1496.55 1298.04
1224.43 1285.89
1225.86 1253.92
4
1217.99 1191
1205.91 1161.37
1361.5 1097.99
1373.57 1127.62
4
92.3401 1265.89
61.74 1275.25
17.8599 1131.81
48.46 1122.45
4
97.8124 1387.31
67.2658 1377.78
146.346 1124.42
176.893 1133.96
4
230.169 365.315
205.185 385.31
17.7314 151.085
42.7154 131.09
4
1011.7 661.891
996.409 689.999
732.896 546.609
748.191 518.501
4
399.431 1559.21
372.015 1542.71
449.369 1414.19
476.785 1430.69
4
650.568 1521.6
628.423 1544.7
458.131 1381.44
480.276 1358.34
4
741.799 1416.72
723.144 1442.72
547.595 1316.77
566.25 1290.77
4
235.002 791.299
234.258 823.29
84.2982 819.801
85.0424 787.81
4
197.914 921.664
190.496 890.535
344.1 853.933
351.518 885.061
4
1161.1 639.43
1137.37 660.901
986.401 494.07
1010.13 472.599
4
1355.01 611.643
1342.85 641.243
1204.09 584.257
1216.25 554.657
4
1359.02 485.045
1357.03 516.983
1169.83 505.325
1171.82 473.387
4
1428.42 649.443
1396.63 653.087
1370.69 426.823
1402.49 423.179
4
1293.32 251.228
1269.15 230.252
1367.48 116.972
1391.65 137.948
4
1257.74 432.519
1226.35 438.724
1178.81 198.187
1210.2 191.982
4
313.097 718.357
308.093 686.75
604.403 639.843
609.407 671.45
4
460.321 851.983
443.876 824.533
577.156 744.682
593.602 772.133
4
532.406 1016.33
504.709 1000.3
616.687 806.771
644.385 822.797
4
620.325 1059.02
606.461 1087.86
403.675 990.379
417.539 961.539
4
614.689 1181.85
586.916 1165.96
673.23 1015.15
701.003 1031.05
4
473.311 565.995
441.968 572.446
381.489 278.605
412.832 272.154
4
1341.8 1523.45
1323.55 1549.74
1138.7 1421.45
1156.95 1395.16
4
1436.89 1406.67
1425.09 1436.42
1280.9 1379.25
1292.69 1349.5
4
1334.13 1581.73
1315.22 1555.91
1450.13 1457.11
1469.04 1482.93
4
880.538 1469.92
851.76 1455.92
950.162 1253.58
978.94 1267.58
4
1524.39 853.7
1492.42 852.278
1502.41 627.5
1534.38 628.922
4
1598.62 585.118
1582.19 612.579
1419.39 515.173
1435.82 487.713
4
1587.09 518.17
1559.09 533.671
1457.08 349.443
1485.08 333.942
4
855.884 900.174
827.812 884.814
899.816 753.226
927.888 768.586
4
1276.28 132.033
1266.81 101.467
1481.72 34.8674
1491.19 65.4335
4
227.162 99.0746
225.385 67.124
450.038 54.6254
451.815 86.576
4
0 0
0 1600
1600 1600
1600 0
