30
45
4
579.918 1356.99
571.886 1326.01
862.282 1250.71
870.314 1281.69
4
912.463 1396.05
880.476 1395.13
886.532 1184.48
918.519 1185.4
4
1106.52 276.586
1081.37 296.368
942.276 119.514
967.429 99.7316
4
1016.84 444.321
992.453 423.604
1178.84 204.171
1203.23 224.888
4
524.25 1430.5
508.735 1458.49
311.95 1349.4
327.465 1321.41
4
628.34 1453.09
601.346 1470.28
447.696 1228.93
474.689 1211.74
4
659.642 1520.35
656.662 1488.49
955.358 1460.55
958.338 1492.41
4
930.403 1432.83
911.407 1458.58
786.725 1366.61
805.721 1340.85
4
956.198 1583.34
928.652 1567.05
1034.65 1387.77
1062.2 1404.06
4
1405.03 1553.34
1373.56 1559.12
1319.37 1264.06
1350.84 1258.28
4
1501.92 1570.87
1469.95 1572.22
1457.77 1283.93
1489.75 1282.58
4
1462.37 1168.52
1460.59 1200.47
1267.7 1189.73
1269.48 1157.78
4
489.636 906.764
463.899 925.78
374.764 805.136
400.501 786.12
4
398.914 1052.35
367.051 1055.31
346.358 832.907
378.221 829.942
4
1161.02 806.32
1142.38 832.332
959.483 701.28
978.122 675.268
4
751.646 1121.06
721.24 1111.09
814.754 826.036
845.16 836.011
4
711.632 796.033
710.768 764.044
935.686 757.969
936.55 789.957
4
1434.67 524.504
1422.81 494.782
1562.13 439.196
1573.99 468.918
4
239.636 1425.17
208.783 1433.67
129.164 1144.43
160.017 1135.93
4
333.584 1273.14
301.587 1272.65
305.174 1037.35
337.17 1037.83
4
381.107 1412.74
359.915 1436.72
228.469 1320.54
249.661 1296.57
4
12.132 1025.86
5.71495 994.515
152.668 964.435
159.085 995.785
4
255.44 987.131
226.894 1001.59
147.835 845.548
176.38 831.085
4
293.234 795.093
281.58 824.895
123.035 762.901
134.688 733.098
4
1419.5 732.645
1389.1 742.658
1318.7 528.955
1349.1 518.942
4
1253.3 634.58
1222.91 624.558
1276.74 461.321
1307.13 471.344
4
590.116 281.601
558.144 280.269
564.384 130.399
596.356 131.731
4
650.598 458.822
619.257 452.361
676.982 172.38
708.323 178.841
4
959.629 1114.1
948.061 1084.26
1227.77 975.805
1239.34 1005.64
4
973.243 1053.85
948.48 1074.12
824.343 922.453
849.106 902.184
4
331.045 473.487
299.082 471.955
309.855 247.213
341.818 248.745
4
666.661 495.466
661.083 463.956
882.639 424.734
888.217 456.244
4
1480.87 1081.5
1480.52 1113.5
1330.53 1111.9
1330.88 1079.9
4
1510.48 902.985
1489.64 927.266
1318.92 780.715
1339.76 756.434
4
1270.34 1032.07
1262.37 1001.08
1548.71 927.507
1556.67 958.5
4
1585.9 893.864
1553.9 893.185
1558.08 696.069
1590.08 696.748
4
456.795 536.689
425.201 531.611
449.005 383.511
480.599 388.589
4
592.057 608.87
579.262 638.2
346.868 536.818
359.664 507.488
4
415.537 730.686
384.02 736.23
355.828 575.94
387.344 570.397
4
240.481 459.633
208.972 465.216
169.719 243.667
201.228 238.084
4
203.952 437.2
184.932 462.934
0.637961 326.719
19.6583 300.985
4
766.776 1231.28
754.34 1260.76
547.024 1173.32
559.46 1143.84
4
499.466 1534.08
481.653 1560.66
294.734 1435.42
312.547 1408.84
4
399.338 1545.95
384.38 1574.24
149.58 1450.08
164.539 1421.79
4
240.542 1545.03
219.441 1569.09
84.0743 1450.36
105.175 1426.3
4
0 0
0 1600
1600 1600
1600 0
