30
45
4
659.893 1191.85
634.138 1210.84
500.607 1029.75
526.362 1010.76
4
596.429 1360.83
565.647 1369.57
488.838 1099.18
519.62 1090.44
4
587.317 1381.69
578.925 1412.57
376.232 1357.48
384.624 1326.6
4
1451.91 1543.27
1441.77 1573.62
1299.49 1526.13
1309.63 1495.78
4
423.254 824.06
394.277 810.482
489.746 606.74
518.723 620.318
4
507.912 878.675
477.631 868.329
549.472 658.068
579.754 668.415
4
259.689 1539.04
239.053 1563.49
124.411 1466.76
145.047 1442.31
4
167.757 1442.91
156.507 1412.95
354.03 1338.78
365.28 1368.74
4
39.4843 1473.17
17.7716 1449.67
212.593 1269.71
234.306 1293.22
4
305.278 166.731
290.864 195.3
23.0218 60.1694
37.4358 31.5995
4
1278.88 726.285
1264.39 697.756
1398.12 629.815
1412.61 658.344
4
1059.07 1356.81
1034.43 1336.39
1130.13 1220.89
1154.77 1241.31
4
1015.91 1546.58
983.945 1545.07
996.04 1289.4
1028 1290.91
4
960.55 1271.67
948.673 1241.95
1109.97 1177.48
1121.84 1207.2
4
798.857 518.23
787.157 548.014
647.543 493.17
659.243 463.386
4
912.121 615.175
881.653 624.958
806.616 391.264
837.084 381.482
4
1562.85 1557.23
1530.89 1558.94
1518.85 1334.27
1550.81 1332.56
4
1526.64 1546.63
1504.76 1569.98
1372.94 1446.51
1394.81 1423.16
4
992.361 339.288
977.679 310.854
1244.24 173.212
1258.92 201.646
4
234.423 630.579
224.922 600.022
439.777 533.221
449.278 563.778
4
174.113 815.462
142.143 816.853
132.583 597.101
164.553 595.71
4
234.913 853.996
203.772 846.632
251.306 645.626
282.447 652.99
4
112.157 1177.31
80.1661 1176.53
85.6434 951.594
117.634 952.373
4
287.043 891.465
280.694 922.828
90.6293 884.354
96.9781 852.991
4
1412.46 287.327
1385.17 304.035
1228.54 48.1728
1255.83 31.4651
4
1405.33 1216.68
1400.91 1248.38
1178.07 1217.32
1182.49 1185.62
4
1507.73 1303.98
1480.63 1321
1338.81 1095.11
1365.91 1078.1
4
1553.11 1000.98
1552.04 1032.96
1363.6 1026.68
1364.66 994.699
4
193.061 400.916
163.826 413.926
102.839 276.884
132.074 263.874
4
68.5073 478.962
61.923 447.647
228.369 412.65
234.953 443.966
4
324.633 447.826
300.394 468.718
159.239 304.944
183.478 284.052
4
658.662 1494.85
649.96 1525.64
433.438 1464.45
442.14 1433.66
4
1004.24 975.43
972.267 974.118
984.56 674.37
1016.53 675.682
4
959.464 754.404
936.416 776.603
826.908 662.903
849.956 640.704
4
491.218 296.206
473.373 269.644
597.882 185.994
615.727 212.556
4
304.318 216.815
300.12 185.091
561.735 150.472
565.933 182.195
4
670.966 1280.97
652.665 1254.72
837.234 1126.03
855.535 1152.28
4
698.488 1417.09
668.716 1428.82
598.539 1250.74
628.311 1239
4
817.168 1363.02
811.867 1331.46
968.715 1305.11
974.016 1336.67
4
994.559 269.831
973.248 245.96
1197.04 46.1688
1218.35 70.0401
4
1024.13 172.347
1015.3 203.105
849.583 155.544
858.411 124.786
4
719.62 872.657
688.618 880.587
614.28 589.943
645.282 582.013
4
404.596 1285.08
373.135 1290.93
332.004 1069.72
363.465 1063.87
4
355.35 1263.1
330.556 1283.33
179.337 1097.98
204.132 1077.76
4
1226.04 1516.82
1199.22 1499.36
1321.96 1310.78
1348.78 1328.24
4
0 0
0 1600
1600 1600
1600 0
