30
45
4
1373.65 590.566
1341.66 589.998
1345.65 365.034
1377.64 365.602
4
1408.72 310.598
1400.36 341.486
1157.81 275.816
1166.18 244.928
4
1347.43 203.862
1333.54 232.69
1167.49 152.676
1181.38 123.848
4
501.504 916.463
470.465 908.679
525.196 690.437
556.235 698.221
4
467.105 824.28
435.159 822.417
450.428 560.617
482.374 562.48
4
1452.5 729.716
1420.62 726.931
1440.2 502.784
1472.08 505.569
4
1544.09 669.286
1512.62 663.485
1542.62 500.747
1574.09 506.548
4
298.137 301.781
268.406 289.946
379.363 11.2189
409.094 23.0542
4
451.6 376.74
419.704 379.325
404.328 189.537
436.223 186.952
4
582.877 539.197
561.386 562.906
343.055 365.005
364.545 341.296
4
1203.09 670.279
1171.98 677.77
1119.31 459.021
1150.42 451.53
4
1202.88 573.549
1176.48 555.475
1292.16 386.464
1318.57 404.538
4
404.449 1435.58
388.314 1407.95
517.851 1332.32
533.986 1359.95
4
284.77 1408.17
259.937 1387.99
392.106 1225.38
416.938 1245.56
4
274.831 1455.53
246.018 1469.45
150.759 1272.3
179.571 1258.38
4
1282.84 1489.42
1252.26 1479.99
1318.56 1264.98
1349.14 1274.41
4
865.291 677.265
836.801 691.835
700.209 424.735
728.699 410.165
4
945.55 941.549
927.404 967.907
803.85 882.851
821.996 856.493
4
701.762 932.485
675.818 913.753
781.238 767.743
807.182 786.475
4
1033.13 1263.96
1007.74 1283.44
870.769 1104.94
896.156 1085.46
4
105.96 732.207
80.9326 712.267
221.14 536.293
246.167 556.233
4
621.199 699.071
591.968 686.051
653.001 549.029
682.232 562.049
4
303.268 1271.49
273.928 1258.71
363.732 1052.41
393.072 1065.19
4
850.356 384.344
820.375 373.155
899.044 162.356
929.025 173.545
4
1010.39 176.392
993.985 203.868
814.91 96.9582
831.314 69.4822
4
906.451 318.791
893.188 289.669
1147.76 173.729
1161.03 202.851
4
1007.48 1345.4
987.612 1370.49
811.222 1230.8
831.088 1205.71
4
1055.04 1367.5
1024.41 1358.23
1103.21 1097.73
1133.84 1107
4
1111.81 1338.14
1094.6 1311.16
1295.29 1183.17
1312.49 1210.15
4
668.162 1033.94
636.508 1038.63
592.538 741.865
624.192 737.175
4
577.83 1138.05
568.243 1107.52
850.113 1019
859.7 1049.53
4
881.075 648.151
858.765 625.212
1073.82 416.049
1096.14 438.988
4
803.016 537.821
784.468 511.744
975.213 376.069
993.761 402.146
4
70.1191 800.629
59.4551 770.458
200.881 720.471
211.545 750.642
4
182.658 849.114
163.197 823.712
284.209 731
303.671 756.402
4
1013.34 1538.83
991.326 1562.06
882.46 1458.87
904.474 1435.64
4
546.8 363.841
543.16 332.049
766.7 306.459
770.34 338.251
4
541.393 348.652
509.549 345.497
525.28 186.734
557.124 189.889
4
467.937 234.17
439.081 220.338
528.298 34.2167
557.154 48.0488
4
702.276 1527.95
670.69 1533.08
622.624 1236.95
654.21 1231.82
4
865.014 1427.8
845.274 1452.98
682.092 1325.09
701.832 1299.9
4
862.095 1342.93
833.724 1357.73
739.841 1177.78
768.211 1162.98
4
1403.57 1563.38
1372.16 1557.24
1400.93 1410.02
1432.34 1416.16
4
1336.97 1364.8
1332.35 1333.13
1514.63 1306.5
1519.25 1338.17
4
333.501 942.291
311.377 965.412
202.999 861.709
225.123 838.588
4
0 0
0 1600
1600 1600
1600 0
