30
45
4
319.924 348.577
304.243 320.682
500.376 210.423
516.057 238.318
4
578.318 264.494
548.268 275.493
477.23 81.4159
507.28 70.4166
4
191.569 202.11
189.661 170.167
417.06 156.584
418.968 188.527
4
1213.42 1045.81
1181.57 1048.95
1152.18 750.389
1184.03 747.254
4
1260.98 1023.89
1229.85 1016.47
1279.17 809.357
1310.3 816.77
4
1286.95 774.701
1257.15 786.349
1169.06 560.954
1198.87 549.306
4
291.785 1021.61
263.64 1006.38
370.715 808.491
398.86 823.72
4
1124.8 1448.76
1094.3 1458.47
1048.8 1315.54
1079.3 1305.83
4
997.049 1320.65
966.739 1330.91
870.551 1046.75
900.861 1036.49
4
1082.4 1095.45
1051.01 1101.68
1006.3 876.192
1037.69 869.968
4
1009.81 973.006
1007.31 1004.91
709.456 981.566
711.956 949.663
4
849.031 103.306
843.561 134.835
695.769 109.194
701.239 77.6652
4
801.66 285.763
769.692 287.194
762.904 135.546
794.872 134.115
4
886.874 265.32
859.875 248.143
949.323 107.55
976.322 124.727
4
1129.77 1524.07
1114.02 1551.93
918.135 1441.23
933.878 1413.37
4
839.054 621.983
814.776 642.829
619.346 415.217
643.624 394.371
4
494.907 470.076
477.539 443.199
657.448 326.947
674.815 353.824
4
390.657 1159.27
358.922 1163.38
339.643 1014.63
371.378 1010.52
4
312.264 1252.55
311.682 1220.56
599.154 1215.32
599.737 1247.32
4
112.378 326.702
81.0908 319.985
128.322 99.9979
159.609 106.715
4
310.014 293.83
296.486 322.83
156.92 257.724
170.448 228.724
4
1391.44 1101.33
1360.73 1110.32
1318.56 966.372
1349.27 957.377
4
1503.06 1175.03
1501.82 1207.01
1202.61 1195.35
1203.86 1163.37
4
1332.39 537.234
1303.08 550.07
1242.91 412.666
1272.22 399.83
4
1225.21 505.999
1193.5 501.696
1214.28 348.569
1245.99 352.872
4
1136.79 1065.12
1104.79 1065.28
1104.01 915.284
1136.01 915.118
4
1146.57 1217.47
1118.85 1201.48
1197.87 1064.41
1225.6 1080.4
4
882.021 1192.88
854.995 1210.01
774.679 1083.32
801.705 1066.19
4
721.603 1279.58
690.295 1272.96
746.754 1005.91
778.062 1012.53
4
691.948 1112.04
677.786 1140.73
531.466 1068.52
545.628 1039.82
4
1322.94 644.91
1303.47 619.514
1541.56 436.99
1561.03 462.386
4
1436.13 475.624
1414.26 498.979
1292.02 384.494
1313.9 361.138
4
52.3465 1463.94
21.7583 1454.54
87.8535 1239.46
118.442 1248.86
4
1045.91 362.807
1027.99 336.296
1214.39 210.293
1232.31 236.804
4
1219.29 327.115
1208.11 297.13
1354.88 242.436
1366.06 272.422
4
1155.46 193.665
1137.25 219.978
962.577 99.0834
980.788 72.7709
4
851.968 752.885
838.14 781.743
635.232 684.515
649.06 655.657
4
911.076 838.446
903.481 869.532
623.607 801.159
631.201 770.073
4
560.089 843.764
530.825 830.817
611.159 649.239
640.423 662.186
4
1327 1451.98
1306.88 1476.87
1131.9 1335.42
1152.02 1310.53
4
1129.85 780.313
1100.96 794.054
1036.55 658.587
1065.44 644.846
4
1386.4 1442.96
1359.77 1425.22
1526.1 1175.54
1552.73 1193.28
4
1371.52 1356.34
1354.19 1383.24
1214.07 1292.95
1231.4 1266.05
4
1297.9 1542.77
1274.06 1564.12
1104.52 1374.87
1128.36 1353.52
4
1561.86 268.472
1544.68 295.468
1418.14 214.928
1435.32 187.932
4
0 0
0 1600
1600 1600
1600 0
