30
45
4
521.978 334.738
520.672 366.711
220.922 354.462
222.228 322.489
4
233.246 509.077
208.007 489.405
305.717 364.046
330.955 383.718
4
1435.12 857.848
1421.06 886.593
1151.58 754.752
1165.64 726.007
4
817.233 746.147
791.792 726.737
928.267 547.853
953.708 567.263
4
1069.05 519.353
1047.98 543.437
933.638 443.404
954.708 419.32
4
964.526 409.881
956.708 378.851
1135.21 333.879
1143.03 364.909
4
350.469 978.431
324.407 996.999
150.331 752.669
176.393 734.101
4
83.9564 1055.52
66.1944 1028.9
207.872 934.357
225.634 960.975
4
48.9584 1202.12
27.9564 1177.97
187.588 1039.11
208.59 1063.26
4
1509.86 1156.22
1478.31 1150.88
1528.34 855.082
1559.89 860.418
4
33.5188 361.246
8.01059 341.924
98.5812 222.354
124.089 241.676
4
225.088 431.356
195.939 444.559
120.31 277.589
149.459 264.385
4
34.3152 564.571
7.82366 546.621
104.98 403.232
131.472 421.182
4
282.952 723.528
254.411 709.056
322.248 575.272
350.789 589.744
4
391.736 744.209
361.593 733.464
448.742 488.988
478.884 499.733
4
427.928 822.056
413.792 850.765
247.851 769.062
261.986 740.353
4
1112.45 811.312
1111.78 843.305
811.846 836.988
812.52 804.995
4
1157.81 981.886
1125.83 982.804
1120.56 799.37
1152.54 798.451
4
986.297 1073.01
978.051 1042.09
1220.9 977.324
1229.15 1008.24
4
827.668 1055.85
799.82 1071.62
652.032 810.546
679.88 794.782
4
1307.38 376.606
1305.4 344.667
1455.12 335.394
1457.1 367.333
4
1121.53 1552.97
1096.67 1532.81
1238.37 1358.03
1263.23 1378.19
4
1234.98 1465.54
1223.52 1435.66
1395.6 1369.62
1407.06 1399.5
4
1469.58 1554.13
1437.61 1555.59
1426.19 1305.75
1458.16 1304.28
4
1408.63 727.691
1388.15 752.283
1272.87 656.309
1293.35 631.717
4
1361.72 765.294
1337.29 785.964
1155.93 571.627
1180.36 550.957
4
1288.82 626.164
1279.38 595.589
1517.48 522.053
1526.92 552.628
4
347.78 205.284
343.123 236.943
194.72 215.116
199.377 183.457
4
400.354 129.33
398.274 161.263
135.431 144.148
137.51 112.216
4
930.484 196.059
902.306 211.225
831.216 79.1409
859.394 63.975
4
1025.79 733.176
1000.06 714.152
1178.41 472.924
1204.14 491.948
4
1006.17 532.039
999.151 563.26
842.543 528.062
849.56 496.841
4
778.503 630.251
746.97 624.806
780.239 432.132
811.772 437.577
4
1078.26 1250.89
1051.05 1234.05
1169.44 1042.71
1196.65 1059.55
4
969.007 1335.84
968.022 1303.86
1193.31 1296.92
1194.29 1328.91
4
977.462 1368.79
949.947 1385.13
843.351 1205.61
870.866 1189.27
4
346.496 1439.18
323.63 1416.79
533.504 1202.42
556.37 1224.81
4
281.557 1397.07
259.815 1373.59
395.397 1248.04
417.139 1271.52
4
735.721 1485.22
731.044 1516.87
463.201 1477.31
467.877 1445.65
4
1517.12 299.38
1515.04 331.312
1215.68 311.82
1217.76 279.888
4
1130.52 447.052
1121.24 416.428
1298.22 362.802
1307.5 393.427
4
454.515 933.537
436.837 906.863
624.385 782.563
642.063 809.237
4
506.145 826.583
477.35 812.624
556.484 649.383
585.279 663.342
4
496.193 1112.57
466.541 1100.53
543.093 911.863
572.745 923.894
4
1348.71 470.521
1341.28 501.644
1195.39 466.779
1202.82 435.656
4
0 0
0 1600
1600 1600
1600 0
