30
45
4
1472.12 919.578
1460.05 949.213
1251.68 864.322
1263.75 834.687
4
1220.19 892.343
1189.7 882.646
1244.98 708.809
1275.47 718.506
4
1052.68 1523.2
1033.88 1549.1
851.815 1416.9
870.617 1391
4
1114.73 1559.46
1082.88 1556.3
1112.03 1262.17
1143.87 1265.32
4
964.396 1455.83
943.017 1432.01
1059.61 1327.33
1080.99 1351.15
4
546.692 584.244
519.198 600.617
365.708 342.856
393.202 326.483
4
491.167 312.09
475.407 339.94
342.851 264.924
358.612 237.075
4
1051.9 708.351
1049.2 740.237
825.001 721.249
827.702 689.363
4
774.953 743.938
743.159 740.313
768.647 516.762
800.441 520.387
4
614.844 676.249
591.417 654.451
776.05 456.011
799.478 477.809
4
506.622 488.608
492.578 459.854
695.154 360.908
709.198 389.661
4
490.275 222.799
475.131 250.988
276.925 144.501
292.069 116.312
4
1156.37 1569.47
1151.55 1537.84
1299.83 1515.23
1304.65 1546.86
4
335.388 862.512
325.878 831.957
540.712 765.088
550.222 795.643
4
365.008 907.135
341.04 928.337
225.755 798.009
249.723 776.807
4
77.9946 876.41
53.7886 855.48
241.944 637.876
266.15 658.806
4
828.986 1291.36
800.982 1306.85
692.114 1109.94
720.118 1094.45
4
712.449 803.878
700.73 833.655
561.151 778.722
572.87 748.945
4
401.562 732.206
397.993 700.405
597.41 678.02
600.98 709.821
4
839.766 887.736
812.401 904.323
727.672 764.543
755.037 747.955
4
213.671 1567.89
194.96 1541.93
438.329 1366.51
457.04 1392.47
4
481.089 1535.89
450.371 1526.93
496.292 1369.62
527.01 1378.59
4
888.668 293.96
862.67 275.302
950.132 153.44
976.13 172.098
4
670.85 314.697
657.267 343.672
521.45 280.003
535.033 251.028
4
1535.58 591.882
1505.62 580.618
1558.42 440.218
1588.38 451.482
4
1585.58 640.646
1573.13 670.127
1375.23 586.587
1387.67 557.106
4
1424.98 774.496
1394.76 785.041
1306.43 531.964
1336.65 521.419
4
1069.13 592.112
1037.17 593.633
1026.47 368.888
1058.43 367.367
4
880.849 1158.62
852.714 1173.86
781.251 1041.98
809.386 1026.74
4
875.583 1324.25
847.632 1308.67
974.544 1081
1002.49 1096.58
4
1235.13 162.187
1217.18 135.692
1403.47 9.51343
1421.42 36.008
4
1181 1287.67
1149.1 1285.1
1167.2 1060.83
1199.1 1063.4
4
998.248 840.444
976.082 817.364
1192.45 609.556
1214.62 632.636
4
1055.45 692.253
1033.21 669.236
1234.82 474.51
1257.05 497.527
4
941.631 410.999
923.71 437.51
675.169 269.501
693.09 242.99
4
189.582 552.637
165.232 531.874
311.218 360.663
335.568 381.426
4
151.158 531.378
120.376 522.633
165.381 364.217
196.163 372.962
4
23.5467 161.071
15.3981 130.126
160.453 91.9291
168.602 122.874
4
1250.99 220.795
1224.55 238.819
1097.81 52.9049
1124.25 34.8809
4
881.159 1106.28
865.312 1078.48
1125.94 929.915
1141.79 957.716
4
977.928 974.265
948.394 986.583
890.397 847.534
919.931 835.215
4
1457.15 285.849
1449.48 316.915
1303.85 280.951
1311.52 249.885
4
1491.63 302.462
1462.49 289.249
1526.24 148.616
1555.39 161.829
4
1435.21 274.266
1404.98 263.777
1481.43 43.4275
1511.66 53.9164
4
258 1166.77
234.038 1187.97
35.2001 963.334
59.1618 942.125
4
0 0
0 1600
1600 1600
1600 0
