30
45
4
714.208 1531.5
712.47 1563.45
562.692 1555.3
564.43 1523.35
4
760.242 1585.9
729.991 1575.46
780.45 1429.13
810.702 1439.57
4
933.663 1535.4
904.435 1548.43
831.71 1385.29
860.937 1372.26
4
329.996 854.023
298.006 854.791
290.804 554.877
322.794 554.109
4
221.019 735.658
189.66 729.285
249.291 435.868
280.65 442.241
4
216.603 565.903
184.61 565.224
188.232 394.442
220.225 395.121
4
1027.13 426.418
1017.12 456.812
732.171 362.982
742.18 332.588
4
289.811 917.049
283.127 948.343
63.0893 901.351
69.7726 870.057
4
43.2842 910.314
14.0611 897.275
104.499 694.581
133.722 707.62
4
498.316 965.613
486.71 935.792
766.284 826.987
777.89 856.808
4
410.652 887.123
386.812 865.778
515.112 722.476
538.953 743.821
4
455.986 739.118
441.242 710.717
619.954 617.938
634.698 646.339
4
125.115 194.18
93.1953 196.444
82.5848 46.8197
114.505 44.5561
4
713.917 1380.52
711.267 1412.41
561.783 1399.98
564.433 1368.09
4
707.18 1351.46
688.232 1377.24
562.192 1284.63
581.14 1258.85
4
1292.81 735.087
1261.48 728.556
1292.09 581.713
1323.42 588.244
4
1214.22 655.874
1185.97 640.849
1294.11 437.491
1322.36 452.515
4
1210.47 552.203
1183.29 569.09
1057.12 366.021
1084.31 349.134
4
1115.71 1314.08
1105.32 1283.82
1247.19 1235.12
1257.58 1265.38
4
1267.37 1431.19
1236.12 1438.07
1202.96 1287.34
1234.22 1280.46
4
117.515 419.994
90.1811 436.633
12.1851 308.506
39.5189 291.867
4
144.104 356.981
117.428 374.655
4.78239 204.629
31.4589 186.955
4
932.658 1335.13
901.506 1327.81
952.942 1108.77
984.094 1116.09
4
1150.28 1066.59
1148.46 1098.54
968.571 1088.3
970.389 1056.35
4
161.604 532.236
150.533 562.26
9.79606 510.364
20.8671 480.34
4
1162.93 269.046
1132.17 260.214
1194.27 43.9537
1225.03 52.7857
4
1073.38 238.266
1041.79 233.148
1069.6 61.4614
1101.19 66.5793
4
433.094 145.507
417.264 117.697
612.806 6.39281
628.636 34.2031
4
419.585 244.447
388.847 253.346
335.012 67.3916
365.75 58.4928
4
617.974 752.008
610.507 720.891
902.226 650.892
909.693 682.009
4
983.12 884.417
951.639 890.158
908.883 655.705
940.364 649.964
4
804.22 900.731
779.662 880.215
887.721 750.874
912.279 771.391
4
394.955 1473.11
375.976 1447.35
496.745 1358.39
515.724 1384.15
4
286.252 1424.87
256.073 1414.23
328.271 1209.46
358.45 1220.1
4
261.422 1248.88
249.34 1278.51
97.3872 1216.55
109.47 1186.92
4
1134.82 856.175
1104.03 864.9
1042.68 648.425
1073.47 639.7
4
1134.03 1018.05
1106.55 1001.66
1219.4 812.431
1246.88 828.822
4
1246.27 1076.63
1222.47 1055.23
1385.72 873.7
1409.52 895.097
4
1413.69 1521.68
1407.18 1553.02
1260.31 1522.52
1266.82 1491.18
4
1400.34 1511.89
1372.71 1495.74
1452.04 1360.01
1479.67 1376.16
4
1418.22 1391.18
1399.71 1417.28
1239.92 1304
1258.43 1277.89
4
1501.05 887.414
1470.02 895.236
1433.35 749.786
1464.38 741.964
4
1596.87 708.22
1588.55 739.119
1439.77 699.038
1448.1 668.14
4
711.064 1268.67
679.064 1268.83
678.336 1118.83
710.336 1118.67
4
641.411 1243.01
609.411 1243.12
608.801 1073.67
640.801 1073.55
4
0 0
0 1600
1600 1600
1600 0
