30
45
4
570.087 1247.68
538.499 1252.79
514.513 1104.72
546.101 1099.61
4
1069.54 1443.43
1051.51 1416.99
1299.36 1247.97
1317.39 1274.41
4
1330.46 1538.02
1316.81 1566.96
1099.21 1464.37
1112.86 1435.43
4
970.478 1306.69
968.61 1338.63
669.122 1321.11
670.99 1289.17
4
1350.49 596.618
1347.28 628.457
1123.41 605.882
1126.62 574.043
4
684.336 773.361
672.786 743.518
952.564 635.239
964.114 665.082
4
812.572 681.571
781.975 690.942
705.075 439.848
735.672 430.478
4
1013.12 815.133
981.621 809.5
1013.48 631.322
1044.98 636.955
4
865.275 798.12
843.334 774.826
952.525 671.98
974.466 695.274
4
859.808 652.945
852.263 621.847
1003.63 585.124
1011.18 616.222
4
1263.21 701.941
1250.89 672.405
1527.79 556.959
1540.11 586.495
4
977.004 1488.77
953.359 1467.21
1155.5 1245.53
1179.14 1267.09
4
1031.41 1558.72
1014.97 1586.17
857.551 1491.92
873.989 1464.47
4
740.438 931.268
737.227 963.107
513.362 940.532
516.573 908.693
4
1371.32 1384.03
1339.71 1379
1363.28 1230.87
1394.89 1235.9
4
1381.03 1433.13
1354.44 1415.32
1496.47 1203.29
1523.05 1221.09
4
1568.56 1201.73
1554.4 1230.43
1302.38 1106.05
1316.55 1077.35
4
430.002 1481.16
413.505 1453.74
606.298 1337.74
622.795 1365.16
4
698.887 1554.62
685.88 1583.85
462.9 1484.66
475.907 1455.42
4
394.808 1407.52
362.926 1410.26
339.696 1140.39
371.578 1137.64
4
1121.64 999.47
1089.99 1004.19
1067.86 855.83
1099.51 851.11
4
97.1458 1407.8
90.7681 1376.44
311.254 1331.6
317.632 1362.96
4
762.449 1255.01
732.3 1265.74
631.751 983.089
661.9 972.363
4
319.568 445.977
292.51 463.06
212.432 336.223
239.49 319.14
4
256.618 517.297
246.887 547.781
81.3566 494.94
91.0879 464.456
4
341.901 593.476
338.331 625.277
61.7436 594.223
65.314 562.423
4
1426.26 437.643
1404.96 461.52
1293.04 361.657
1314.34 337.78
4
635.046 804.61
606.555 790.039
674.854 656.49
703.345 671.061
4
531.781 847.46
503.299 862.048
434.919 728.54
463.401 713.952
4
459.253 961.235
428.496 970.067
349.143 693.698
379.9 684.867
4
979.657 515.622
952.498 498.699
1111.14 244.078
1138.3 261.001
4
1274.63 521.032
1251.58 543.224
1127.53 414.348
1150.59 392.157
4
1087.54 260.109
1069.03 234.003
1298.41 71.3878
1316.92 97.4932
4
1027.86 1258.58
1012.17 1286.47
881.44 1212.92
897.13 1185.03
4
219.542 1161.13
188.896 1151.92
232.058 1008.27
262.704 1017.48
4
147.059 1248.32
115.274 1244.61
141.95 1015.74
173.735 1019.45
4
1163.12 123.976
1142 99.9381
1254.68 0.924017
1275.8 24.9619
4
1178.85 38.2524
1172.96 69.7047
974.263 32.4628
980.158 1.0105
4
846.301 1575.3
814.434 1572.38
828.099 1423
859.966 1425.92
4
737.64 1572.91
705.948 1568.48
735.297 1358.63
766.989 1363.06
4
1597.66 1557.66
1569.1 1572.11
1467.54 1371.34
1496.1 1356.89
4
1513.23 1578.84
1486.61 1596.6
1400.96 1468.21
1427.59 1450.45
4
722.883 294.667
702.362 319.221
529.717 174.933
550.238 150.379
4
696.638 203.899
672.611 182.765
778.703 62.1495
802.731 83.2841
4
1160.81 1041.37
1131.05 1029.6
1241.39 750.63
1271.15 762.4
4
0 0
0 1600
1600 1600
1600 0
