30
45
4
296.757 368.71
264.901 365.675
286.243 141.69
318.099 144.725
4
186.552 317.591
158.548 302.107
248.019 140.29
276.024 155.774
4
924.276 210.526
912.138 180.918
1120.32 95.5737
1132.46 125.182
4
1104.58 367.399
1074.52 356.427
1137.22 184.619
1167.28 195.59
4
1023.41 433.41
1009.12 462.043
740.689 328.09
754.977 299.457
4
803.385 321.28
775.445 305.682
864.216 146.667
892.157 162.266
4
984.514 527.025
977.057 558.144
689.722 489.285
697.18 458.167
4
1297.09 490.711
1295.23 522.657
1070.61 509.589
1072.47 477.643
4
698.852 1514.34
666.984 1517.23
639.848 1218.46
671.716 1215.57
4
676.974 1217.54
652.053 1197.46
760.5 1062.83
785.42 1082.91
4
441.884 1105.71
419.631 1082.71
635.216 874.091
657.469 897.087
4
907.255 1279.47
896.156 1249.46
1036.85 1197.43
1047.94 1227.44
4
857.806 1406.92
839.686 1380.54
1065.28 1225.56
1083.4 1251.94
4
896.942 1473.39
875.458 1497.11
701.277 1339.32
722.76 1315.61
4
449.217 568.002
447.499 536.048
597.283 527.998
599.001 559.952
4
472.397 715.685
443.19 728.76
367.947 560.678
397.154 547.604
4
330.916 642.563
299.088 645.878
281.737 479.259
313.564 475.944
4
1598.87 1152.09
1586.13 1181.45
1310.93 1062.01
1323.67 1032.65
4
1577.53 1080.18
1545.65 1077.41
1565.68 847.294
1597.56 850.069
4
1419.6 547.848
1395.39 526.918
1493.5 413.452
1517.71 434.382
4
282.483 1430.47
261.962 1455.02
89.3172 1310.73
109.838 1286.18
4
49.4546 1587.32
18.7087 1578.45
77.4957 1374.69
108.242 1383.57
4
446.141 1461.96
422.307 1483.32
265.13 1307.86
288.964 1286.51
4
569.837 1569.73
546.402 1591.52
444.263 1481.67
467.698 1459.88
4
633.284 1529.85
601.391 1532.47
585.402 1337.4
617.295 1334.79
4
574.056 1353.33
543.03 1361.17
492.373 1160.49
523.4 1152.66
4
1521.36 853.185
1489.5 856.19
1461.34 557.515
1493.2 554.51
4
1029.21 833.369
1000.71 847.921
898.391 647.531
926.891 632.979
4
1123.03 698.435
1104.31 724.382
910.602 584.57
929.33 558.623
4
426.168 914.01
410.758 942.055
147.832 797.59
163.242 769.545
4
435.779 987.213
406.507 974.284
474.643 820.016
503.915 832.945
4
1120.89 1570.72
1099.33 1594.36
988.507 1493.28
1010.07 1469.64
4
1173.2 1479.38
1155.42 1505.99
1005.76 1405.98
1023.54 1379.37
4
1180.24 1561.92
1149.95 1551.59
1237.33 1295.59
1267.61 1305.93
4
836.76 1158.73
804.891 1155.85
831.94 857.068
863.809 859.954
4
1007.16 886.706
992.14 914.961
857.493 843.383
872.514 815.128
4
1097.94 996.471
1081.67 1024.02
902.285 918.074
918.559 890.521
4
1481.4 1453.15
1460.34 1429.05
1573.3 1330.35
1594.36 1354.45
4
1502.55 1535.36
1482.03 1559.91
1276.54 1388.17
1297.06 1363.62
4
1470.98 1403.67
1444.76 1422
1330.82 1259.07
1357.04 1240.73
4
207.442 1069.02
181.432 1087.66
50.3581 904.782
76.3675 886.14
4
24.7943 1171.39
7.96211 1144.17
137.639 1063.97
154.471 1091.19
4
184.211 1001.4
176.344 970.38
371.205 920.961
379.072 951.979
4
1111.87 1175.91
1084.71 1158.99
1203.63 967.992
1230.79 984.905
4
799.54 692.705
776.436 714.845
620.76 552.395
643.864 530.255
4
0 0
0 1600
1600 1600
1600 0
