30
45
4
667.879 983.271
660.257 952.192
951.621 880.729
959.243 911.808
4
1049.85 867.473
1029.25 891.956
906.187 788.384
926.793 763.901
4
1131.76 875.483
1103.74 890.923
987.65 680.18
1015.68 664.74
4
434.773 696.939
410.371 676.238
555.927 504.661
580.329 525.362
4
520.953 537.238
490.114 545.78
446.006 386.52
476.845 377.979
4
744.313 440.375
736.174 471.322
521.461 414.85
529.601 383.902
4
369.143 558.097
344.662 578.706
151.457 349.203
175.938 328.594
4
160.924 679.439
135.11 660.528
255.072 496.772
280.887 515.683
4
107.821 690.978
76.0089 687.512
95.9973 504.008
127.809 507.473
4
1132.47 1095.12
1104.78 1079.09
1217.53 884.376
1245.22 900.411
4
1404.05 899.124
1385.19 924.97
1228.06 810.277
1246.93 784.43
4
954.635 1155.79
932.289 1132.89
1118.46 951.251
1140.81 974.156
4
1561.02 574.577
1530.33 583.631
1466.68 367.823
1497.37 358.769
4
1431.95 408.489
1400.39 403.252
1441.14 157.594
1472.71 162.831
4
1364.45 357.76
1332.84 352.781
1376.69 74.378
1408.3 79.3569
4
820.541 753.513
810.581 783.924
596.759 713.887
606.719 683.476
4
577.999 926.323
555.717 903.355
671.313 791.211
693.595 814.179
4
878.584 1278.42
867.1 1248.55
1147.12 1140.88
1158.6 1170.75
4
948.304 158.004
926.956 134.167
1038.7 34.0955
1060.04 57.9333
4
518.946 1163.48
500.323 1189.5
256.354 1014.92
274.977 988.897
4
367.79 1120.11
362.201 1151.62
181.128 1119.5
186.717 1088
4
324.171 1343.03
294.451 1354.89
218.56 1164.75
248.28 1152.89
4
1032.6 310.56
1026.61 279.126
1321.3 222.94
1327.29 254.374
4
1271.45 217.885
1245.64 236.811
1138.87 91.2465
1164.67 72.3201
4
771.093 379.388
758.704 349.883
897.007 291.812
909.396 321.317
4
825.449 533.043
805.262 508.214
965.41 378.008
985.597 402.837
4
962.751 612.188
936.795 593.472
1059.47 423.342
1085.42 442.057
4
153.053 192.332
145.723 161.183
437.747 92.4675
445.077 123.617
4
371.156 342.64
339.259 340.085
353.767 158.94
385.665 161.495
4
318.354 268.473
312.933 300.011
163.519 274.33
168.939 242.793
4
844.093 1377.79
812.272 1381.17
796.407 1232.01
828.228 1228.63
4
795.318 1323.98
767.406 1339.63
678.992 1181.95
706.904 1166.3
4
1180.77 1494.78
1155.17 1513.99
1065.13 1394.02
1090.73 1374.81
4
642.331 1465.7
615.772 1483.55
490.269 1296.8
516.828 1278.95
4
368.708 1313.12
357.6 1283.11
552.376 1211.02
563.484 1241.03
4
661.619 1180.63
644.26 1207.51
506.543 1118.58
523.903 1091.69
4
1145.97 797.839
1117.27 783.682
1183.63 649.161
1212.33 663.318
4
1546.35 945.153
1524.93 968.93
1357.75 818.347
1379.17 794.57
4
1141.48 1562.81
1131.7 1532.35
1417.32 1440.59
1427.1 1471.05
4
1185.98 1462.99
1162.12 1441.67
1265.31 1326.2
1289.17 1347.52
4
1186.83 1373.64
1154.9 1371.45
1167.2 1192.5
1199.13 1194.7
4
375.45 968.904
358.686 996.162
103.15 838.996
119.914 811.738
4
53.4025 1192.77
24.6427 1178.74
140.939 940.367
169.699 954.398
4
1153.67 578.326
1124.8 564.521
1254.23 293.874
1283.1 307.679
4
1321.32 768.14
1289.78 762.734
1330.6 524.557
1362.14 529.962
4
0 0
0 1600
1600 1600
1600 0
