30
45
4
456.113 1012.17
453.433 1044.06
154.487 1018.93
157.167 987.042
4
164.555 1252.66
133.997 1262.16
46.6452 981.043
77.204 971.547
4
508.965 542.171
484.661 521.355
582.235 407.429
606.539 428.245
4
979.749 1039.02
956.042 1017.53
1157.55 795.279
1181.26 816.773
4
993.943 872.916
965.144 886.865
845.48 639.804
874.279 625.855
4
761.017 582.129
755.35 550.635
948.405 515.896
954.072 547.39
4
73.7011 660.634
41.7916 658.23
58.6989 433.866
90.6084 436.27
4
114.744 695.615
86.9021 679.841
181.055 513.648
208.897 529.422
4
1327.22 383.83
1316.94 414.136
1174.88 365.97
1185.16 335.664
4
668.675 1010.79
640.049 996.485
774.125 728.113
802.751 742.415
4
1031.05 139.815
1028.36 171.702
804.153 152.785
806.844 120.898
4
1213.97 950.835
1191.29 928.255
1297.13 821.965
1319.81 844.545
4
1130.17 793.759
1128.26 761.816
1346.45 748.783
1348.36 780.726
4
285.849 651.259
254.236 656.218
207.751 359.841
239.364 354.882
4
1011.53 499.274
982.74 485.297
1113.77 215.426
1142.56 229.403
4
244.63 1178.66
218.026 1196.44
134.67 1071.74
161.274 1053.96
4
560.74 1196.9
529.069 1201.48
496.86 978.799
528.531 974.218
4
496.867 1287.3
492.579 1255.59
668.058 1231.86
672.345 1263.57
4
815.884 1329.94
813.174 1361.83
572.452 1341.36
575.162 1309.48
4
1359.15 607.441
1341.8 580.553
1530.85 458.559
1548.2 485.447
4
1545.38 722.341
1529.56 750.156
1270.63 602.873
1286.45 575.058
4
1520.33 843.399
1507.72 872.809
1353.45 806.66
1366.07 777.25
4
339.872 927.181
327.604 956.736
50.5278 841.719
62.7963 812.164
4
474.083 871.772
448.911 891.531
327.108 736.362
352.279 716.604
4
1246.11 327.634
1214.59 322.13
1240.39 174.366
1271.91 179.87
4
1284.55 352.223
1256.58 336.677
1353.31 162.641
1381.28 178.187
4
751.471 423.564
725.38 405.036
812.229 282.736
838.32 301.264
4
669.928 342.291
640.825 328.987
750.523 89.0221
779.626 102.326
4
890.276 1483.8
863.021 1467.03
980.924 1275.4
1008.18 1292.17
4
814.757 1269.94
807.154 1238.86
975.399 1197.7
983.002 1228.79
4
183.192 420.568
153.465 408.724
264.508 130.032
294.235 141.876
4
92.6209 148.741
75.6266 121.626
256.057 8.54051
273.051 35.655
4
1007.45 92.9578
1002.69 61.3146
1299.35 16.6422
1304.11 48.2854
4
1151.18 231.234
1125.6 212
1238.83 61.4402
1264.4 80.6737
4
1268 163.17
1258.08 132.747
1480.44 60.2304
1490.36 90.6534
4
1214.59 1522.1
1213.28 1554.07
1063.41 1547.9
1064.72 1515.93
4
994.811 1544.67
972.769 1521.47
1099.84 1400.72
1121.88 1423.92
4
1347.51 1505.26
1330.01 1532.05
1083.71 1371.13
1101.21 1344.34
4
949.009 1126.15
935.036 1154.94
800.091 1089.45
814.064 1060.66
4
908.75 1165.45
906.66 1197.38
707.631 1184.36
709.72 1152.43
4
756.788 1019.64
753.499 987.81
923.607 970.228
926.897 1002.06
4
1235.82 1268.93
1231.23 1237.26
1379.68 1215.77
1384.27 1247.44
4
920.362 1494.55
915.258 1526.14
693.138 1490.25
698.242 1458.66
4
691.85 1502.89
670.878 1527.06
539.615 1413.16
560.587 1388.99
4
989.129 1478.04
957.797 1471.54
988.271 1324.66
1019.6 1331.16
4
0 0
0 1600
1600 1600
1600 0
