30
45
4
1174.63 125.044
1167.63 93.8205
1387.17 44.5559
1394.17 75.7795
4
1221.24 262.693
1211 232.377
1492.11 137.367
1502.35 167.682
4
1507.43 317.104
1476.27 309.818
1544.57 17.7268
1575.73 25.0128
4
1188.96 1470.37
1164.79 1449.39
1361.44 1222.83
1385.61 1243.81
4
1096.95 1432.93
1076.75 1408.11
1195.03 1311.82
1215.23 1336.64
4
682.106 1542.39
656.677 1561.81
520.094 1383.01
545.523 1363.59
4
755.547 1470.95
735.76 1496.1
608.915 1396.3
628.702 1371.15
4
584.846 1397.27
567.766 1370.21
748.17 1256.35
765.25 1283.41
4
733.111 918.889
716.561 946.277
523.989 829.911
540.539 802.523
4
1120.59 879.317
1115.26 910.869
893.407 873.383
898.738 841.831
4
1086.09 839.168
1064.37 862.667
902.651 713.192
924.372 689.693
4
1151.47 972.964
1151.47 681.814
1183.47 681.814
1183.47 972.964
4
1505.97 940.015
1505.5 972.011
1280.53 968.685
1281 936.689
4
1189.48 1076.27
1160.1 1063.57
1270.47 808.28
1299.84 820.978
4
1036.01 1310.21
1012.09 1288.94
1161.59 1120.79
1185.51 1142.06
4
973.789 1258.32
942.017 1262.13
916.367 1048.44
948.139 1044.63
4
1144.86 986.045
1140.19 1017.7
892.222 981.152
896.889 949.494
4
903.648 667.913
883.383 692.678
709.252 550.187
729.517 525.422
4
547.94 428.032
519.197 442.099
453.26 307.368
482.003 293.301
4
841.28 334.176
822.067 308.586
942.02 218.524
961.233 244.114
4
1062.47 434.961
1030.65 438.375
1013.75 280.835
1045.56 277.42
4
900.353 365.596
879.948 340.945
1023.54 222.086
1043.95 246.737
4
1242.6 722.188
1211.18 728.245
1168.6 507.312
1200.02 501.255
4
499.095 965.349
471.257 981.13
323.305 720.151
351.143 704.37
4
467.374 1424.21
443.762 1402.61
595.626 1236.59
619.238 1258.19
4
286.507 1547.32
278.077 1516.45
518.064 1450.91
526.494 1481.78
4
407.604 1473.46
378.995 1459.12
473.776 1270
502.385 1284.34
4
453.66 275.736
448.032 307.238
226.54 267.664
232.168 236.162
4
953.449 98.0485
945.776 129.115
800.151 93.1515
807.824 62.0848
4
310.823 1038.68
281.17 1050.71
224.777 911.717
254.43 899.687
4
477.358 1012.63
459.454 1039.16
296.192 928.945
314.097 902.422
4
297.543 1095.54
273.938 1117.14
139.243 969.979
162.848 948.374
4
287.175 678.927
287.125 646.927
512.125 646.573
512.175 678.573
4
291.117 762.537
260.796 772.769
204.918 607.178
235.238 596.946
4
1151.96 1536
1129.04 1558.33
919.644 1343.5
942.559 1321.17
4
935.039 1548.3
904.352 1557.38
857.117 1397.61
887.804 1388.53
4
801.923 1550.96
771.071 1542.47
814.646 1384.18
845.499 1392.67
4
105.434 1277.42
73.9829 1271.52
115.466 1050.38
146.917 1056.28
4
256.393 1352.6
241.613 1380.98
98.2486 1306.32
113.029 1277.94
4
132.876 1240.48
120.321 1211.05
298.541 1135.03
311.096 1164.47
4
633.995 774.945
629.369 743.281
852.005 710.755
856.631 742.419
4
548.64 782.28
519.823 768.366
633.436 533.058
662.253 546.972
4
946.312 1458.78
915.834 1468.54
824.388 1182.82
854.866 1173.06
4
837.669 510.828
805.887 514.552
788.431 365.572
820.213 361.848
4
772.91 479.966
741.085 483.311
715.385 238.763
747.21 235.418
4
0 0
0 1600
1600 1600
1600 0
