30
45
4
818.449 1585.33
786.665 1589.05
760.551 1365.57
792.335 1361.85
4
904.617 1509.16
874.408 1519.71
799.216 1304.5
829.426 1293.94
4
1053.61 1285.65
1024.37 1272.64
1115.79 1067.05
1145.03 1080.06
4
1181.07 1419.73
1149.37 1415.29
1180.92 1190.23
1212.61 1194.67
4
1324.77 353.195
1308.62 380.82
1179.13 305.105
1195.28 277.48
4
1439.53 476.642
1408.66 485.066
1369.17 340.358
1400.04 331.934
4
1119.02 400.472
1101.5 427.25
975.979 345.128
993.498 318.35
4
1289.74 1128.09
1261.63 1112.8
1333.26 981.014
1361.37 996.295
4
1392.19 1200.9
1360.46 1196.69
1380.21 1048
1411.94 1052.21
4
1488.01 1330.48
1456.36 1335.2
1433.09 1179.17
1464.74 1174.45
4
478.089 786.545
446.37 790.778
416.611 567.755
448.33 563.522
4
409.463 958.168
389.097 933.485
597.624 761.43
617.99 786.113
4
1489.46 1374.66
1465.35 1395.69
1317.44 1226.14
1341.55 1205.11
4
718.577 406.544
709.172 437.131
422.423 348.956
431.828 318.369
4
450.847 486.575
441.299 456.033
586.827 410.536
596.376 441.078
4
399.989 486.037
371.802 501.185
290.925 350.69
319.112 335.542
4
1030.74 1003.49
999.824 995.249
1038.46 850.309
1069.38 858.551
4
1030.64 1104.26
1005.43 1123.97
820.647 887.655
845.855 867.943
4
1509.85 601.856
1509.09 633.847
1284.15 628.544
1284.91 596.553
4
1387.12 802.693
1361.02 821.196
1214.26 614.11
1240.37 595.608
4
1083.73 1366.29
1053.34 1356.25
1100.37 1213.81
1130.76 1223.85
4
921.954 1465.26
917.368 1433.59
1140.05 1401.34
1144.63 1433.01
4
213.26 1117.63
188.492 1097.37
378.44 865.166
403.208 885.428
4
1099 890.6
1071.11 874.914
1181.4 678.8
1209.29 694.486
4
925.636 856.571
910.67 828.287
1089.59 733.61
1104.56 761.895
4
776.912 842.802
767.979 812.074
919.002 768.17
927.935 798.898
4
763.862 471.641
731.963 474.185
720.038 324.659
751.937 322.115
4
1294.53 222.032
1270.5 200.898
1369.57 88.2679
1393.6 109.402
4
983.223 1378.37
951.267 1380.03
943.477 1230.23
975.433 1228.57
4
946.578 1301.07
918.047 1315.56
796.215 1075.65
824.747 1061.16
4
1019.29 585.359
1019.01 553.36
1169.01 552.041
1169.29 584.04
4
1288.51 141.456
1279.7 172.22
991.29 89.6437
1000.1 58.8798
4
854.505 289.566
849.164 258.014
1139.07 208.943
1144.41 240.494
4
916.341 1375.17
888.638 1391.19
813.559 1261.33
841.262 1245.31
4
699.735 1390.9
672.438 1374.2
773.138 1209.6
800.434 1226.3
4
627.09 1469.58
596.971 1458.77
688.306 1204.32
718.424 1215.14
4
135.634 1493.64
129.947 1462.15
351.366 1422.16
357.053 1453.65
4
197.434 1433.67
166.661 1424.9
214.789 1256.09
245.562 1264.87
4
1019.23 435.723
1010.04 466.373
866.365 423.277
875.559 392.627
4
357.584 735.457
325.768 738.882
309.716 589.743
341.532 586.318
4
219.352 805.87
188.494 797.396
250.993 569.812
281.85 578.286
4
591.553 1454.71
566.918 1475.14
375.447 1244.19
400.082 1223.76
4
513.219 1202.21
481.459 1198.3
508.981 974.988
540.741 978.902
4
351.189 1010.2
343.556 979.12
532.754 932.653
540.386 963.729
4
1171.41 1067.77
1154.25 1040.76
1407.49 879.926
1424.65 906.939
4
0 0
0 1600
1600 1600
1600 0
