20
4
0.961048045364 1.48419745578
1.01857092366 1.91995660078
1.08796888388 1.91079564463
1.03044600558 1.47503649963
4
0.70291085394 2.01314886488
0.765719738118 2.3934051893
0.834783944764 2.38199750065
0.771975060586 2.00174117623
4
0.883021979827 2.57589073482
0.87879469492 2.92428064664
0.948789542491 2.92512994839
0.953016827398 2.57674003658
4
0.0375288959472 2.0896467375
0.380553850837 2.29469331894
0.416469541204 2.23460951758
0.0734445863142 2.02956293614
4
1.74873935952 3.65679926449
2.03079006838 4.00128504078
2.08495176435 3.95693968375
1.80290105549 3.61245390746
4
1.41673554299 4.2525271341
1.7386527859 4.26231828762
1.74078086063 4.19235064297
1.41886361772 4.18255948945
4
1.25358566435 4.05007201746
0.775146979662 4.13695313215
0.78765394705 4.20582675386
1.26609263174 4.11894563917
4
0.497109177946 3.77882054968
0.459396775823 4.26444909427
0.529186654976 4.26986875918
0.566899057099 3.7842402146
4
-0.81651107835 1.33353083446
-0.711135644235 1.75156386412
-0.643258929098 1.73445388042
-0.748634363213 1.31642085076
4
-0.0228348408741 1.62683459159
-0.4466356037 1.76737782799
-0.424601796979 1.83381961726
-0.000801034153116 1.69327638086
4
-1.04613841203 1.55786735964
-1.45853457318 1.64528520194
-1.44401883361 1.71376361683
-1.03162267246 1.62634577452
4
0.0303512667417 1.80128094362
0.355390201178 2.13918872394
0.405838996352 2.0906612156
0.0808000619155 1.75275343528
4
1.67606648184 1.62010212078
1.63910667707 2.07386976712
1.70887562708 2.07955251421
1.74583543185 1.62578486787
4
1.28852781927 1.85686470009
1.02244332964 2.12021377027
1.07168440895 2.16996631903
1.33776889858 1.90661724885
4
1.77993336336 2.30518389346
1.82624135213 2.73931671389
1.89584648792 2.73189208784
1.84953849915 2.29775926741
4
2.09567606791 3.01886669186
1.80607043647 3.25378291118
1.85016799384 3.30814655191
2.13977362528 3.07323033259
4
-0.243534793775 2.07415339474
-0.669450774753 2.33030730158
-0.633373508006 2.39029422369
-0.207457527028 2.13414031684
4
-1.22757568668 2.44977151118
-1.02256744572 2.77005255073
-0.963610819336 2.73231508652
-1.16861906029 2.41203404697
4
-0.644265804363 2.87167587095
-0.742229988867 3.22256820186
-0.67480827503 3.24139139243
-0.576844090526 2.89049906152
4
0.078804140425 2.67171657602
-0.114568751923 3.0899712897
-0.0510308132125 3.11934696576
0.142342079136 2.70109225209
