12
4
-1.46880934694 4.70669999573
-1.02703609371 4.62327534504
-1.01404683793 4.69205964001
-1.45582009117 4.7754842907
4
2.05595496677 3.11375892139
2.16412525225 3.4993283094
2.09672734949 3.51823658016
1.988557064 3.13266719215
4
-1.11911727167 1.75031050945
-0.936567442009 1.99210411463
-0.992433561587 2.03428203164
-1.17498339125 1.79248842646
4
1.44949653152 6.04980966886
1.4703645129 6.42069809353
1.40047505118 6.42463041357
1.3796070698 6.0537419889
4
-1.74858307165 2.43633068124
-1.73725935986 2.83863595765
-1.80723164732 2.840605472
-1.81855535911 2.43830019559
4
0.897257324892 2.41398039808
1.2932499319 2.27966353074
1.31573500627 2.34595396316
0.919742399259 2.4802708305
4
-0.193209743445 6.37275392222
0.161699171842 6.26067485855
0.182778806119 6.32742550663
-0.172130109168 6.43950457029
4
-0.167254938894 4.59331087676
-0.105811002772 4.24210479336
-0.036858299136 4.25416815364
-0.098302235258 4.60537423704
4
2.47509566811 5.04346750061
2.80387644049 5.19496550029
2.77458174348 5.25854081568
2.4458009711 5.107042816
4
0.739003184168 4.74315727823
0.934257919472 4.3812954727
0.995862016014 4.41453603962
0.800607280709 4.77639784516
4
-2.56637714324 4.26741214593
-2.22887593217 4.06542513133
-2.19292847606 4.125489933
-2.53042968714 4.3274769476
4
-1.97656931115 6.11609465224
-1.39341623681 6.2277417508
-1.40657896309 6.29649306087
-1.98973203742 6.18484596231
