12
4
-1.36985845035 1.52827986695
-1.05854737088 1.42324885068
-1.0361698421 1.4895756643
-1.34748092157 1.59460668057
4
0.328057893606 1.72816904619
0.741653754582 1.90780112438
0.713768023344 1.97200693404
0.300172162368 1.79237485584
4
1.77826317867 1.51781590193
2.04461113563 1.80478826578
1.993304326 1.85240770809
1.72695636904 1.56543534424
4
-0.120005007633 3.16960758124
0.536080217463 2.93926744754
0.559268438919 3.00531520591
-0.0968167861772 3.23565533961
4
-0.849223579828 3.04003205334
-0.634192647526 3.67697109335
-0.70051508744 3.69936158159
-0.915546019742 3.06242254158
4
-1.35655845609 1.66062878942
-0.84995176653 1.58411446468
-0.839498014791 1.65332948527
-1.34610470435 1.72984381001
4
1.32482331355 4.70997093819
1.43863486917 4.044834774
1.50763208238 4.05664089821
1.39382052677 4.7217770624
4
1.0438685531 0.497478383249
1.47435642889 0.534902355659
1.4682939243 0.60463933321
1.03780604851 0.567215360801
4
1.35350767285 2.48020011429
1.51400595161 1.96490100079
1.58083918999 1.98571729844
1.42034091123 2.50101641193
4
0.91544994324 2.77794835237
1.46591250109 3.21035721902
1.42267101679 3.26540423561
0.872208458936 2.83299536895
4
-0.524222060047 3.41804791623
-0.00976851697793 3.41339634621
-0.00913561902902 3.48339348501
-0.523589162098 3.48804505503
4
-1.66963452979 2.8365740852
-1.40289760541 3.24389944006
-1.46145854357 3.28224805831
-1.72819546795 2.87492270344
