12
4
-2.4114657627 3.76979523463
-1.93087349161 3.85676292168
-1.94333820662 3.92564420274
-2.42393047771 3.83867651568
4
0.721443339972 5.44237765232
1.09272332945 5.59760237381
1.06572249981 5.66218530653
0.694442510332 5.50696058504
4
0.943415050561 1.69989709615
1.11090705255 1.9565202021
1.05228780845 1.99477963519
0.884795806454 1.73815652924
4
1.52658003775 3.72733346231
1.84057860257 4.21940067574
1.78156932266 4.25705575354
1.46757075783 3.76498854011
4
-2.07329702665 2.15896272732
-1.81272726742 2.67930477986
-1.87531797397 2.71064809578
-2.13588773321 2.19030604324
4
2.62151306363 3.1348396152
2.65522713539 3.67872755782
2.58536123337 3.68305834703
2.55164716161 3.13917040441
4
-0.577058959481 4.42289965203
-0.354564164182 4.8115878303
-0.415315093201 4.84636317535
-0.6378098885 4.45767499708
4
2.15234816968 1.64146779298
2.72165380035 1.60599733138
2.72600669435 1.67586185967
2.15670106368 1.71133232127
4
-2.77154372759 4.79562811116
-2.2826438567 4.80491024505
-2.28397262019 4.87489763239
-2.77287249108 4.8656154985
4
-0.335569617337 2.62579460919
0.0888348286446 2.64622685597
0.085468693694 2.71614587438
-0.338935752287 2.6957136276
4
0.21264233452 3.76407648657
0.6379162199 3.34247463013
0.687198611683 3.39218625714
0.261924726303 3.81378811358
4
-1.65490798389 6.1586879541
-1.32481347432 6.12098317491
-1.31686943642 6.19053094455
-1.64696394598 6.22823572374
