6
4
-0.252804892282 1.32616148914
0.508214928994 1.33862850155
0.505684036129 1.26867426951
-0.250273999416 1.25620725709
4
0.052804892282 2.32616148914
-0.308214928994 2.33862850155
-0.305684036129 2.26867426951
0.050273999416 2.265620725709
4
-0.952804892282 2.32616148914
-1.508214928994 2.33862850155
-1.505684036129 2.26867426951
-0.950273999416 2.265620725709
4
-0.452804892282 3.52616148914
-0.708214928994 3.53862850155
-0.705684036129 3.46867426951
-0.450273999416 3.465620725709
4
-0.552804892282 4.82616148914
-0.808214928994 4.83862850155
-0.805684036129 4.76867426951
-0.550273999416 4.765620725709
4
0.252804892282 2.32616148914
1.808214928994 2.33862850155
1.805684036129 2.26867426951
0.250273999416 2.25620725709