12
4
1.24332662236 1.65896277677
1.59018463133 1.30292796736
1.64032406017 1.35177505197
1.29346605121 1.70780986138
4
-1.20140342215 6.21775231675
-0.890215945857 5.78497401367
-0.83338284158 5.82583962584
-1.14457031787 6.25861792892
4
-2.62082407822 2.88104020332
-1.93751835015 2.85904198145
-1.93526594967 2.92900573415
-2.61857167773 2.95100395602
4
-1.96184530107 4.21565205201
-1.79136788253 3.75061258804
-1.7256448481 3.77470579758
-1.89612226665 4.23974526154
4
2.12923918877 2.80831315713
2.4662214124 2.87775810458
2.45209277683 2.94631743404
2.11511055319 2.87687248659
4
0.500380731865 3.29620971904
0.564377338704 3.69223691676
0.495273789316 3.70340380809
0.431277182477 3.30737661038
4
1.61963619219 3.79748849587
2.21433844731 4.08768864148
2.18364012149 4.15059820189
1.58893786638 3.86039805629
4
0.249626148881 5.05685234162
0.747075997693 5.09122103353
0.742251215904 5.16105456044
0.244801367092 5.12668586853
4
-2.86996490098 1.53140302696
-2.2792031288 1.69955603609
-2.29836657995 1.76688182714
-2.88912835212 1.59872881801
4
1.67889345001 5.63208689342
1.73934171243 6.24501857955
1.6696796664 6.25188875731
1.60923140398 5.63895707118
4
-2.86700208903 4.7274774609
-2.43242587619 4.89823208286
-2.45802521152 4.96338324579
-2.89260142435 4.79262862383
4
-0.296588973459 2.15552297683
0.0270207613848 2.12022605339
0.0346108212574 2.18981334383
-0.288998913586 2.22511026727
