12
4
-1.10274425201 5.32690065083
-0.886226100751 4.97673707442
-0.826688541764 5.01355118951
-1.04320669302 5.36371476592
4
-0.312380738492 4.34769496018
-0.0202146317132 4.19512107984
0.0121882553484 4.25716987443
-0.279977851431 4.40974375477
4
1.77316755615 4.91105281877
1.97359252514 4.49727953284
2.03659100673 4.52779496036
1.83616603774 4.9415682463
4
-2.87262277031 3.2433987374
-2.76042439252 2.62946772365
-2.69156486908 2.64205208028
-2.80376324688 3.25598309403
4
-1.50314433171 3.67003489737
-1.03210410029 3.56630600854
-1.01704992756 3.6346680732
-1.48809015898 3.73839696202
4
1.23625090597 3.38499461962
1.25263392097 3.69608031934
1.18273079187 3.69976169722
1.16634777688 3.3886759975
4
0.811443347621 1.86662263558
0.957706552857 2.30548135355
0.8912976764 2.32761416014
0.745034471164 1.88875544217
4
-1.18607918406 2.33832576845
-0.850618468132 1.88388363996
-0.794300600509 1.925456441
-1.12976131644 2.37989856949
4
-2.81941543188 4.21384997597
-2.30892357076 4.19996195984
-2.30701991343 4.26993606997
-2.81751177456 4.2838240861
4
2.59704124004 2.49609571121
2.95798311543 2.37710353708
2.9798998296 2.44358404279
2.61895795421 2.56257621693
4
-2.7598100635 1.74141940336
-2.69021810123 1.34657004024
-2.62128064409 1.35872022551
-2.69087260635 1.75356958864
4
-3.22290609286 5.10186378004
-2.58175893523 5.08174976848
-2.57956398133 5.151715347
-3.22071113896 5.17182935855
