12
4
-1.76578892105 6.15822379704
-1.51033819485 5.5159157181
-1.4452935342 5.54178446605
-1.70074426039 6.18409254499
4
-0.165308987136 5.30693711375
0.210134694644 4.98210898551
0.255935015155 5.03504602964
-0.119508666625 5.35987415788
4
1.81474134875 5.33753397169
2.29193006004 5.13757713087
2.3189831433 5.20213819256
1.84179443201 5.40209503338
4
-2.27452828904 3.39407759523
-1.84559438305 2.88933464496
-1.79225354127 2.934664046
-2.22118744727 3.43940699626
4
-0.988701257346 4.75696069619
-0.631373149305 4.2819617946
-0.575434198114 4.32404307
-0.932762306156 4.79904197159
4
0.392389519096 6.18401086944
0.875434173809 6.28579180263
0.8610015836 6.3542877904
0.377956928886 6.25250685721
4
0.683371594225 4.19737852605
1.20721507854 4.21852821881
1.20439119436 4.28847123617
0.680547710046 4.26732154342
4
1.92042431592 3.11904926354
2.1566091665 2.71597697805
2.21700448884 2.75136631315
1.98081963826 3.15443859865
4
0.95583351188 2.24348896182
1.15079367242 2.51819202989
1.09370911347 2.55870564649
0.898748952931 2.28400257842
4
-0.427890635535 1.60139951373
-0.253707143879 2.06108521255
-0.319165468683 2.08588859365
-0.493348960339 1.62620289482
4
0.00943624313862 3.43188271434
0.417064396138 3.20789808099
0.450774342591 3.26924658961
0.0431461895914 3.49323122296
4
-2.1366561763 1.64127805329
-1.8142657116 1.52430728631
-1.79039095771 1.59010999238
-2.11278142241 1.70708075937
