12
4
-2.4389848544 4.85465875724
-2.20092077846 5.05324697589
-2.24576053015 5.10700008434
-2.4838246061 4.90841186568
4
1.34700045942 2.3210407767
1.66399457255 2.75118241424
1.60764364479 2.79271039203
1.29064953165 2.36256875449
4
1.39956129427 5.66526465206
1.89718477529 5.64296963153
1.90031784174 5.71289948135
1.40269436073 5.73519450187
4
-1.66421029926 2.69746781036
-1.45148106322 2.34310265754
-1.39146478985 2.37913107591
-1.60419402589 2.73349622874
4
-0.239521739874 5.22969589472
0.111905097752 5.03820375856
0.145398426653 5.09967079785
-0.206028410973 5.29116293401
4
-0.243583656779 2.28776987746
-0.146479035782 2.0003587254
-0.0801618055522 2.02276463924
-0.177266426549 2.31017579129
4
2.20328726432 3.76790225656
2.70040318683 3.62947549074
2.7191809464 3.69690987178
2.22206502389 3.83533663759
4
-1.0614416467 3.48313776491
-0.555938315571 3.38489054553
-0.542583346032 3.45360477105
-1.04808667716 3.55185199043
4
-1.41316303681 5.66841691652
-1.1072526164 5.61380684851
-1.09495093764 5.68271743333
-1.40086135805 5.73732750134
4
1.00523559686 3.87352595463
1.16331422663 4.34601565655
1.09693096992 4.36822518666
0.938852340141 3.89573548474
4
-2.5320706466 3.62614587373
-2.31805980609 3.34795296303
-2.26257769733 3.39063475783
-2.47658853783 3.66882766853
4
-2.6865675014 2.02144581713
-2.54671687542 1.55335621648
-2.47964635284 1.5733948043
-2.61949697883 2.04148440494
