12
4
1.81257907483 1.33350708865
2.29155679297 1.81200753668
2.24208399723 1.86152967801
1.76310627909 1.38302922998
4
-2.02242444396 6.13138792768
-1.78675816188 5.87939855758
-1.7356325124 5.92721244642
-1.97129879448 6.17920181651
4
-0.248065317569 6.18950798718
0.048287560183 6.2377781752
0.0370342049801 6.30686769682
-0.259318672772 6.25859750879
4
2.27670195725 5.40332676842
2.720608489 4.98710741652
2.76848785635 5.03817175028
2.3245813246 5.45439110218
4
1.34795557048 5.02135621058
1.51826623513 4.63200102987
1.58239919769 4.66005389271
1.41208853304 5.04940907341
4
-1.89040113103 2.29974562929
-1.56100587724 2.34285858789
-1.57009035778 2.4122666005
-1.89948561158 2.36915364189
4
1.39040593163 3.78743169441
1.39909639462 3.33378504613
1.46908355361 3.33512578306
1.46039309062 3.78877243135
4
-2.77932714257 5.66057122918
-2.39928221805 5.24115638058
-2.34741006796 5.28815935968
-2.72745499248 5.70757420828
4
-0.723745651127 3.30917808473
-0.632853666463 3.99649783398
-0.702249508358 4.00567482301
-0.793141493023 3.31835507376
4
2.48482045427 3.33463359429
2.66485657612 3.67742695909
2.60288390271 3.70997519639
2.42284778087 3.36718183158
4
-0.0564506590365 4.70079165234
0.169064517274 5.04208356429
0.110662519349 5.08067380448
-0.114852656961 4.73938189254
4
0.489150159931 2.00980690144
0.978760631173 1.9193073264
0.991483902691 1.98814131772
0.501873431449 2.07864089277
