12
4
-1.86084639374 3.53861507193
-1.68851291751 3.22538191502
-1.62718237163 3.25912453114
-1.79951584787 3.57235768805
4
-0.0574135528891 3.78725793771
0.0547166215332 4.14225692115
-0.0120328025285 4.16334043099
-0.124162976951 3.80834144756
4
1.84908267149 5.44111842621
2.41083866053 5.18528360799
2.43985102295 5.24898826109
1.87809503391 5.50482307932
4
2.00438561974 3.74280408855
2.5789829674 3.71839959221
2.58195335356 3.788336541
2.0073560059 3.81274103734
4
-2.87420160712 5.03491315804
-2.82569893937 5.51697845849
-2.8953472936 5.52398607962
-2.94384996135 5.04192077916
4
0.893233384008 2.43998078344
1.02561013571 3.06022810382
0.957151928418 3.07483884829
0.824775176714 2.45459152792
4
2.39967679672 2.77937416196
2.56110388087 2.13768083308
2.62898879712 2.15475824934
2.46756171297 2.79645157822
4
0.330178012231 5.36844565911
0.629862307668 5.11238779523
0.675334276786 5.16560715284
0.375649981349 5.42166501673
4
-1.7037562783 2.01646611858
-1.38067308371 1.79566172405
-1.34117598318 1.85345427589
-1.66425917776 2.07425867043
4
-1.16767758683 4.20986624514
-0.835543785118 4.26111704566
-0.846218978472 4.33029825876
-1.17835278018 4.27904745824
4
-0.594180924413 2.79269737811
-0.243299258968 2.19181343533
-0.182850768551 2.22711187731
-0.533732433995 2.82799582009
4
-1.84844029062 5.39435688084
-1.51130340693 5.32565613585
-1.49732626566 5.3942465107
-1.83446314935 5.46294725568
