12
4
-0.647448299534 3.69326307968
-0.0910002496477 3.45731202718
-0.0636733246491 3.52175765675
-0.620121374536 3.75770870925
4
-2.10194121072 4.43466991504
-1.75164849326 4.46386823234
-1.75746311216 4.53362631579
-2.10775582962 4.50442799849
4
-2.11027296511 5.37971005966
-1.83934168991 5.87882917226
-1.90086241723 5.91222378425
-2.17179369243 5.41310467165
4
-0.651403837404 5.97454232079
-0.304563745676 6.48548371979
-0.362480209867 6.52479889721
-0.709320301595 6.01385749821
4
-1.92007652427 2.31889321339
-1.28876465643 2.45942161125
-1.30397421798 2.5277492721
-1.93528608582 2.38722087424
4
0.642297910507 4.50199372102
0.965884393526 4.06601062374
1.02209415041 4.10772948315
0.698507667394 4.54371258043
4
2.3510445822 2.09184320507
2.61927972164 2.24036075947
2.58537232452 2.30160035793
2.31713718507 2.15308280353
4
1.86735904136 3.70070333739
2.22295601893 3.40872951807
2.26737654052 3.46282958518
1.91177956295 3.7548034045
4
2.26510880533 4.75068374643
2.66946766241 5.0837755885
2.62496095511 5.13780477512
2.22060209803 4.80471293304
4
-0.124407074845 2.20560131462
0.28712474097 2.29598991984
0.272107932564 2.36436020187
-0.13942388325 2.27397159666
4
0.808086852156 1.383892241
1.21196932967 1.92968785213
1.1557000874 1.97132644451
0.751817609892 1.42553083337
4
1.24312970012 5.98152814519
1.25823646413 6.38099270166
1.18828646631 6.38363803801
1.17317970229 5.98417348154
