12
4
1.96858724089 4.16134957193
2.48110509334 4.22208908241
2.47286690539 4.29160262252
1.96034905293 4.23086311204
4
-1.36738055932 1.89031562422
-0.974078693483 1.41262893359
-0.920038737909 1.45712256462
-1.31334060374 1.93480925524
4
1.5154614802 2.67018160005
1.67505482134 3.07245242911
1.60998836786 3.09826631358
1.45039502672 2.69599548452
4
-1.77652804673 4.18946113667
-1.21772288522 4.39624090485
-1.24201576568 4.46189039806
-1.80082092718 4.25511062988
4
-2.04945759718 6.13579038765
-1.82952583263 6.35143232924
-1.87853344616 6.40141486436
-2.0984652107 6.18577292277
4
-0.540880026869 5.7341764621
-0.404175595774 5.32296265668
-0.337750009158 5.34504526166
-0.474454440254 5.75625906708
4
-2.59617923199 2.09779356458
-2.29047649028 2.45691485852
-2.34377929514 2.50228898103
-2.64948203685 2.14316768709
4
-1.52971287152 3.05731826775
-1.04995647638 3.28178489427
-1.07962142149 3.34518829348
-1.55937781663 3.12072166696
4
0.679469872395 5.83828769775
0.952199275723 5.41974838422
1.01084682492 5.45796441454
0.738117421587 5.87650372807
4
1.5169109689 1.81062911781
1.62626651475 1.28842435873
1.69478036186 1.30277192837
1.58542481601 1.82497668745
4
0.120742182374 3.89868818015
0.392738722453 4.24790511356
0.337513460529 4.29091872124
0.0655169204499 3.94170178783
4
2.30349957438 5.79575946294
2.91299633308 5.90897929104
2.90021186987 5.97780194357
2.29071511117 5.86458211547
