10
4
-0.452804892282 2.72616148914
-0.108214928994 2.73862850155
-0.105684036129 2.66867426951
-0.450273999416 2.65620725709
4
-0.596889960775 3.2263388456
-0.203929193592 3.28346644103
-0.193858641021 3.21419462879
-0.586819408204 3.15706703336
4
0.345334513884 2.73307636449
0.286949229998 3.22357741313
0.356458537238 3.23185123976
0.414843821124 2.74135019112
4
-0.649812991604 3.51949141731
-0.961334008029 3.55634240985
-0.953110780417 3.62585772131
-0.641589763992 3.58900672877
4
0.511397890415 1.81316513241
0.582680789834 2.1213551349
0.650880304173 2.10558090769
0.579597404754 1.7973909052
4
0.628591539193 2.45018720746
0.64436216363 2.7771028685
0.714280854901 2.77372994529
0.698510230464 2.44681428425
4
0.0997823238127 2.37424555266
0.164819078993 2.83059292404
0.234118850426 2.82071660492
0.169082095246 2.36436923354
4
0.864652114742 2.87412596386
1.2577266288 3.15106133058
1.298043036 3.09383732067
0.904968521945 2.81690195395
4
-0.842246889993 1.43054315142
-1.1626321474 1.49074399673
-1.14970527261 1.55954004246
-0.829320015204 1.49933919715
4
-0.785679467981 1.76692028654
-0.435846803614 2.00743605821
-0.396189134947 1.94975357113
-0.746021799313 1.70923779946