11
4
-0.107694852506 -0.58750484872
-0.126036023539 -0.551957676609
-0.354426604356 -0.669799700497
-0.336085433323 -0.705346872609
4
-0.991293635266 -1.72113660232
-1.01036283741 -1.68597461248
-1.12815550338 -1.74985643967
-1.10908630123 -1.78501842951
4
0.905504399704 -1.06132495197
0.940350751436 -1.08096500724
1.05720908029 -0.87362921444
1.02236272856 -0.85398915917
4
0.605923417674 -1.71783404349
0.571239992564 -1.69790767847
0.47908055438 -1.85831851961
0.51376397949 -1.87824488462
4
0.866427041469 -1.29872520101
0.831772891603 -1.27874796654
0.713407777371 -1.4840738045
0.748061927237 -1.50405103897
4
1.04167319466 -0.652043007579
1.07690465431 -0.633102462418
0.962314356079 -0.419952131543
0.92708289643 -0.438892676704
4
-1.33033985068 -1.42656554784
-1.29057945119 -1.42219397689
-1.30664497445 -1.27607450877
-1.34640537394 -1.28044607972
4
-1.37677702599 -0.205682828279
-1.41647508132 -0.20077728011
-1.43707838363 -0.367509112505
-1.3973803283 -0.372414660675
4
-0.725795848368 -1.77090376261
-0.721870162827 -1.81071065891
-0.572594301702 -1.79598933813
-0.576519987243 -1.75618244183
4
-0.919516558311 0.128406444306
-0.921425468276 0.168360869126
-1.12019873176 0.158864042049
-1.11828982179 0.118909617229
4
0.0915835553795 -1.78367162569
0.083814785196 -1.74443329991
-0.0907957645148 -1.77900432723
-0.0830269943313 -1.818242653
